0.0000,0.0000,0.0000,0.0000,0.0000,0.0000,0.0000,0.0000,0.0000,0.0000,0.0000,0.0000,0.0000,0.0000,0.0000,0.0000,0.0000,0.0000,0.0000,0.0000,0.0000,0.0000,0.0000,0.0000,0.0000,0.0000,0.0000,0.0000,0.0000,0.0000,0.0000,0.0000,0.0000,0.0000,0.0000,0.0000,0.0000,0.0000,0.0000,0.0000,0.0000,0.0000,0.0000,0.0000,0.0000,0.0000,0.0000,0.0000,0.0000,0.0000
0.0000,0.0000,0.0000,0.0000,0.0000,0.0000,0.0000,0.0000,0.0000,0.0000,0.0000,0.0000,0.0000,0.0000,0.0000,0.0000,0.0000,0.0000,0.0000,0.0000,0.0000,0.0000,0.0000,0.0000,0.0000,0.0000,0.0000,0.0000,0.0000,0.0000,0.0000,0.0000,0.0000,0.0000,0.0000,0.0000,0.0000,0.0000,0.0000,0.0000,0.0000,0.0000,0.0000,0.0000,0.0000,0.0000,0.0000,0.0000,0.0000,0.0000
0.0000,0.0000,0.0000,0.0000,0.0000,0.0000,0.0000,0.0000,0.0000,0.0000,0.0000,0.0000,0.0000,0.0000,0.0000,0.0000,0.0000,0.0000,0.0000,0.0000,0.0000,0.0000,0.0000,0.0000,0.0000,0.0000,0.0000,0.0000,0.0000,0.0000,0.0000,0.0000,0.0000,0.0000,0.0000,0.0000,0.0000,0.0000,0.0000,0.0000,0.0000,0.0000,0.0000,0.0000,0.0000,0.0000,0.0000,0.0000,0.0000,0.0000
7.0000,7.0000,7.0000,7.0000,7.0000,7.0000,7.0000,7.0000,7.0000,7.0000,7.0000,7.0000,7.0000,7.0000,7.0000,7.0000,7.0000,7.0000,7.0000,7.0000,7.0000,7.0000,7.0000,7.0000,7.0000,7.0000,7.0000,7.0000,7.0000,7.0000,7.0000,7.0000,7.0000,7.0000,7.0000,7.0000,7.0000,7.0000,7.0000,7.0000,7.0000,7.0000,7.0000,7.0000,7.0000,7.0000,7.0000,7.0000,7.0000,7.0000
7.0000,7.0000,7.0000,7.0000,7.0000,7.0000,7.0000,7.0000,7.0000,7.0000,7.0000,7.0000,7.0000,7.0000,7.0000,7.0000,7.0000,7.0000,7.0000,7.0000,7.0000,7.0000,7.0000,7.0000,7.0000,7.0000,7.0000,7.0000,7.0000,7.0000,7.0000,7.0000,7.0000,7.0000,7.0000,7.0000,7.0000,7.0000,7.0000,7.0000,7.0000,7.0000,7.0000,7.0000,7.0000,7.0000,7.0000,7.0000,7.0000,7.0000
7.0000,7.0000,7.0000,7.0000,7.0000,7.0000,7.0000,7.0000,7.0000,7.0000,7.0000,7.0000,7.0000,7.0000,7.0000,7.0000,7.0000,7.0000,7.0000,7.0000,7.0000,7.0000,7.0000,7.0000,7.0000,7.0000,7.0000,7.0000,7.0000,7.0000,7.0000,7.0000,7.0000,7.0000,7.0000,7.0000,7.0000,7.0000,7.0000,7.0000,7.0000,7.0000,7.0000,7.0000,7.0000,7.0000,7.0000,7.0000,7.0000,7.0000
7.0000,7.0000,7.0000,7.0000,7.0000,7.0000,7.0000,7.0000,7.0000,7.0000,7.0000,7.0000,7.0000,7.0000,7.0000,7.0000,7.0000,7.0000,7.0000,7.0000,7.0000,7.0000,7.0000,7.0000,7.0000,7.0000,7.0000,7.0000,7.0000,7.0000,7.0000,7.0000,7.0000,7.0000,7.0000,7.0000,7.0000,7.0000,7.0000,7.0000,7.0000,7.0000,7.0000,7.0000,7.0000,7.0000,7.0000,7.0000,7.0000,7.0000
7.0000,7.0000,7.0000,7.0000,7.0000,7.0000,7.0000,7.0000,7.0000,7.0000,7.0000,7.0000,7.0000,7.0000,7.0000,7.0000,7.0000,7.0000,7.0000,7.0000,7.0000,7.0000,7.0000,7.0000,7.0000,7.0000,7.0000,7.0000,7.0000,7.0000,7.0000,7.0000,7.0000,7.0000,7.0000,7.0000,7.0000,7.0000,7.0000,7.0000,7.0000,7.0000,7.0000,7.0000,7.0000,7.0000,7.0000,7.0000,7.0000,7.0000
7.0000,7.0000,7.0000,7.0000,7.0000,7.0000,7.0000,7.0000,7.0000,7.0000,7.0000,7.0000,7.0000,7.0000,7.0000,7.0000,7.0000,7.0000,7.0000,7.0000,7.0000,7.0000,7.0000,7.0000,7.0000,7.0000,7.0000,7.0000,7.0000,7.0000,7.0000,7.0000,7.0000,7.0000,7.0000,7.0000,7.0000,7.0000,7.0000,7.0000,7.0000,7.0000,7.0000,7.0000,7.0000,7.0000,7.0000,7.0000,7.0000,7.0000
7.0000,7.0000,7.0000,7.0000,7.0000,7.0000,7.0000,7.0000,7.0000,7.0000,7.0000,7.0000,7.0000,7.0000,7.0000,7.0000,7.0000,7.0000,7.0000,7.0000,7.0000,7.0000,7.0000,7.0000,7.0000,7.0000,7.0000,7.0000,7.0000,7.0000,7.0000,7.0000,7.0000,7.0000,7.0000,7.0000,7.0000,7.0000,7.0000,7.0000,7.0000,7.0000,7.0000,7.0000,7.0000,7.0000,7.0000,7.0000,7.0000,7.0000
7.0000,7.0000,7.0000,7.0000,7.0000,7.0000,7.0000,7.0000,7.0000,7.0000,7.0000,7.0000,7.0000,7.0000,7.0000,7.0000,7.0000,7.0000,7.0000,7.0000,7.0000,7.0000,7.0000,7.0000,7.0000,7.0000,7.0000,7.0000,7.0000,7.0000,7.0000,7.0000,7.0000,7.0000,7.0000,7.0000,7.0000,7.0000,7.0000,7.0000,7.0000,7.0000,7.0000,7.0000,7.0000,7.0000,7.0000,7.0000,7.0000,7.0000
7.0000,7.0000,7.0000,7.0000,7.0000,7.0000,7.0000,7.0000,7.0000,7.0000,7.0000,7.0000,7.0000,7.0000,7.0000,7.0000,7.0000,7.0000,7.0000,7.0000,7.0000,7.0000,7.0000,7.0000,7.0000,7.0000,7.0000,7.0000,7.0000,7.0000,7.0000,7.0000,7.0000,7.0000,7.0000,7.0000,7.0000,7.0000,7.0000,7.0000,7.0000,7.0000,7.0000,7.0000,7.0000,7.0000,7.0000,7.0000,7.0000,7.0000
7.0000,7.0000,7.0000,7.0000,7.0000,7.0000,7.0000,7.0000,7.0000,7.0000,7.0000,7.0000,7.0000,7.0000,7.0000,7.0000,7.0000,7.0000,7.0000,7.0000,7.0000,7.0000,7.0000,7.0000,7.0000,7.0000,7.0000,7.0000,7.0000,7.0000,7.0000,7.0000,7.0000,7.0000,7.0000,7.0000,7.0000,7.0000,7.0000,7.0000,7.0000,7.0000,7.0000,7.0000,7.0000,7.0000,7.0000,7.0000,7.0000,7.0000
7.0000,7.0000,7.0000,7.0000,7.0000,7.0000,7.0000,7.0000,7.0000,7.0000,7.0000,7.0000,7.0000,7.0000,7.0000,7.0000,7.0000,7.0000,7.0000,7.0000,7.0000,7.0000,7.0000,7.0000,7.0000,7.0000,7.0000,7.0000,7.0000,7.0000,7.0000,7.0000,7.0000,7.0000,7.0000,7.0000,7.0000,7.0000,7.0000,7.0000,7.0000,7.0000,7.0000,7.0000,7.0000,7.0000,7.0000,7.0000,7.0000,7.0000
7.0000,7.0000,7.0000,7.0000,7.0000,7.0000,7.0000,7.0000,7.0000,7.0000,7.0000,7.0000,7.0000,7.0000,7.0000,7.0000,7.0000,7.0000,7.0000,7.0000,7.0000,7.0000,7.0000,7.0000,7.0000,7.0000,7.0000,7.0000,7.0000,7.0000,7.0000,7.0000,7.0000,7.0000,7.0000,7.0000,7.0000,7.0000,7.0000,7.0000,7.0000,7.0000,7.0000,7.0000,7.0000,7.0000,7.0000,7.0000,7.0000,7.0000
7.0000,7.0000,7.0000,7.0000,7.0000,7.0000,7.0000,7.0000,7.0000,7.0000,7.0000,7.0000,7.0000,7.0000,7.0000,7.0000,7.0000,7.0000,7.0000,7.0000,7.0000,7.0000,7.0000,7.0000,7.0000,7.0000,7.0000,7.0000,7.0000,7.0000,7.0000,7.0000,7.0000,7.0000,7.0000,7.0000,7.0000,7.0000,7.0000,7.0000,7.0000,7.0000,7.0000,7.0000,7.0000,7.0000,7.0000,7.0000,7.0000,7.0000
7.0000,7.0000,7.0000,7.0000,7.0000,7.0000,7.0000,7.0000,7.0000,7.0000,7.0000,7.0000,7.0000,7.0000,7.0000,7.0000,7.0000,7.0000,7.0000,7.0000,7.0000,7.0000,7.0000,7.0000,7.0000,7.0000,7.0000,7.0000,7.0000,7.0000,7.0000,7.0000,7.0000,7.0000,7.0000,7.0000,7.0000,7.0000,7.0000,7.0000,7.0000,7.0000,7.0000,7.0000,7.0000,7.0000,7.0000,7.0000,7.0000,7.0000
7.0000,7.0000,7.0000,7.0000,7.0000,7.0000,7.0000,7.0000,7.0000,7.0000,7.0000,7.0000,7.0000,7.0000,7.0000,7.0000,7.0000,7.0000,7.0000,7.0000,7.0000,7.0000,7.0000,7.0000,7.0000,7.0000,7.0000,7.0000,7.0000,7.0000,7.0000,7.0000,7.0000,7.0000,7.0000,7.0000,7.0000,7.0000,7.0000,7.0000,7.0000,7.0000,7.0000,7.0000,7.0000,7.0000,7.0000,7.0000,7.0000,7.0000
7.0000,7.0000,7.0000,7.0000,7.0000,7.0000,7.0000,7.0000,7.0000,7.0000,7.0000,7.0000,7.0000,7.0000,7.0000,7.0000,7.0000,7.0000,7.0000,7.0000,7.0000,7.0000,7.0000,7.0000,7.0000,7.0000,7.0000,7.0000,7.0000,7.0000,7.0000,7.0000,7.0000,7.0000,7.0000,7.0000,7.0000,7.0000,7.0000,7.0000,7.0000,7.0000,7.0000,7.0000,7.0000,7.0000,7.0000,7.0000,7.0000,7.0000
7.0000,7.0000,7.0000,7.0000,7.0000,7.0000,7.0000,7.0000,7.0000,7.0000,7.0000,7.0000,7.0000,7.0000,7.0000,7.0000,7.0000,7.0000,7.0000,7.0000,7.0000,7.0000,7.0000,1.0000,7.0000,7.0000,7.0000,7.0000,7.0000,7.0000,7.0000,7.0000,7.0000,7.0000,7.0000,7.0000,7.0000,7.0000,7.0000,7.0000,7.0000,7.0000,7.0000,7.0000,7.0000,7.0000,7.0000,1.0000,7.0000,7.0000
7.0000,7.0000,1.0000,7.0000,7.0000,7.0000,7.0000,7.0000,7.0000,7.0000,7.0000,7.0000,7.0000,7.0000,7.0000,7.0000,7.0000,7.0000,7.0000,7.0000,7.0000,7.0000,7.0000,0.5000,2.0000,7.0000,7.0000,7.0000,7.0000,7.0000,7.0000,7.0000,7.0000,7.0000,2.0000,7.0000,7.0000,7.0000,7.0000,7.0000,7.0000,7.0000,7.0000,7.0000,1.0000,7.0000,7.0000,7.0000,2.0000,7.0000
7.0000,7.0000,2.0000,7.0000,1.0000,2.0000,7.0000,7.0000,7.0000,7.0000,7.0000,7.0000,0.5000,7.0000,7.0000,7.0000,7.0000,7.0000,7.0000,2.0000,7.0000,7.0000,7.0000,7.0000,2.0000,7.0000,7.0000,7.0000,7.0000,7.0000,7.0000,7.0000,7.0000,7.0000,1.0000,7.0000,2.0000,7.0000,7.0000,7.0000,7.0000,7.0000,0.1000,7.0000,2.0000,7.0000,7.0000,2.0000,0.1000,7.0000
7.0000,7.0000,0.5000,2.0000,2.0000,0.1000,7.0000,7.0000,7.0000,7.0000,2.0000,2.0000,0.1000,7.0000,7.0000,7.0000,7.0000,7.0000,7.0000,2.0000,7.0000,7.0000,7.0000,2.0000,0.5000,7.0000,7.0000,2.0000,7.0000,7.0000,0.5000,0.5000,7.0000,7.0000,0.5000,7.0000,0.1000,7.0000,0.5000,7.0000,7.0000,7.0000,0.1000,7.0000,7.0000,7.0000,7.0000,0.5000,0.1000,7.0000
1.0000,7.0000,2.0000,2.0000,0.1000,2.0000,7.0000,7.0000,1.0000,1.0000,2.0000,2.0000,1.0000,7.0000,1.0000,7.0000,7.0000,7.0000,1.0000,0.5000,7.0000,0.1000,1.0000,1.0000,0.1000,7.0000,7.0000,0.5000,7.0000,7.0000,7.0000,7.0000,7.0000,1.0000,2.0000,7.0000,2.0000,7.0000,1.0000,1.0000,7.0000,7.0000,7.0000,7.0000,7.0000,7.0000,7.0000,0.1000,2.0000,7.0000
0.5000,1.0000,7.0000,0.5000,0.1000,7.0000,7.0000,7.0000,1.0000,1.0000,7.0000,0.5000,0.5000,7.0000,1.0000,7.0000,7.0000,7.0000,2.0000,7.0000,7.0000,1.0000,2.0000,2.0000,1.0000,1.0000,7.0000,7.0000,0.1000,7.0000,0.1000,0.5000,7.0000,2.0000,1.0000,7.0000,0.1000,7.0000,0.5000,1.0000,7.0000,7.0000,0.1000,7.0000,2.0000,7.0000,7.0000,2.0000,7.0000,7.0000
7.0000,1.0000,2.0000,0.5000,2.0000,1.0000,0.5000,7.0000,2.0000,7.0000,0.1000,7.0000,0.5000,7.0000,7.0000,7.0000,1.0000,7.0000,0.5000,0.5000,7.0000,0.5000,7.0000,1.0000,2.0000,2.0000,7.0000,1.0000,7.0000,7.0000,0.5000,7.0000,7.0000,0.5000,7.0000,7.0000,1.0000,7.0000,0.1000,7.0000,7.0000,0.1000,0.5000,7.0000,7.0000,7.0000,7.0000,0.5000,0.5000,7.0000
0.1000,7.0000,0.1000,1.0000,0.1000,7.0000,0.5000,7.0000,7.0000,0.1000,7.0000,0.5000,1.0000,7.0000,1.0000,2.0000,7.0000,1.0000,0.1000,0.5000,7.0000,0.1000,0.5000,7.0000,0.1000,0.1000,7.0000,7.0000,0.1000,7.0000,7.0000,7.0000,7.0000,1.0000,0.1000,7.0000,0.1000,7.0000,2.0000,7.0000,7.0000,0.5000,2.0000,1.0000,2.0000,0.1000,7.0000,7.0000,0.1000,0.1000
2.0000,1.0000,2.0000,0.5000,2.0000,0.5000,2.0000,1.0000,0.5000,2.0000,0.5000,0.1000,1.0000,7.0000,2.0000,0.5000,2.0000,1.0000,2.0000,1.0000,7.0000,2.0000,0.1000,7.0000,0.5000,2.0000,0.1000,0.1000,0.1000,7.0000,2.0000,7.0000,1.0000,0.1000,7.0000,7.0000,0.5000,7.0000,7.0000,0.1000,1.0000,7.0000,0.5000,7.0000,0.5000,0.1000,2.0000,0.1000,1.0000,0.1000
2.0000,0.5000,7.0000,1.0000,1.0000,7.0000,0.1000,0.1000,0.1000,0.1000,2.0000,2.0000,0.1000,0.1000,0.5000,0.5000,1.0000,1.0000,0.5000,1.0000,0.5000,1.0000,0.1000,7.0000,1.0000,0.5000,1.0000,2.0000,0.5000,1.0000,1.0000,7.0000,0.5000,2.0000,7.0000,7.0000,0.1000,7.0000,7.0000,0.1000,0.1000,7.0000,7.0000,0.1000,0.1000,1.0000,2.0000,0.1000,0.5000,0.5000
0.5000,1.0000,2.0000,2.0000,0.1000,0.5000,2.0000,0.1000,0.5000,0.5000,1.0000,1.0000,0.5000,0.5000,0.1000,1.0000,7.0000,2.0000,0.5000,2.0000,2.0000,1.0000,7.0000,0.5000,7.0000,0.1000,0.1000,1.0000,2.0000,7.0000,0.1000,2.0000,0.5000,0.5000,2.0000,7.0000,2.0000,0.1000,0.5000,0.5000,0.5000,2.0000,7.0000,1.0000,1.0000,1.0000,7.0000,2.0000,1.0000,1.0000
7.0000,0.1000,0.5000,0.1000,7.0000,7.0000,1.0000,0.5000,1.0000,2.0000,0.5000,1.0000,0.1000,0.5000,7.0000,7.0000,2.0000,0.1000,0.5000,1.0000,7.0000,1.0000,0.5000,1.0000,0.1000,1.0000,0.5000,0.5000,1.0000,1.0000,2.0000,1.0000,0.5000,1.0000,2.0000,7.0000,0.1000,1.0000,0.5000,2.0000,7.0000,0.1000,1.0000,0.1000,7.0000,0.1000,7.0000,7.0000,0.5000,7.0000
0.1000,7.0000,0.5000,0.1000,1.0000,0.5000,1.0000,0.1000,1.0000,0.1000,7.0000,2.0000,7.0000,0.5000,0.5000,0.1000,2.0000,0.5000,2.0000,1.0000,0.5000,0.5000,2.0000,0.5000,1.0000,1.0000,0.5000,0.5000,0.1000,0.5000,0.5000,0.5000,7.0000,0.1000,1.0000,7.0000,1.0000,2.0000,0.1000,0.5000,2.0000,7.0000,0.5000,0.1000,0.5000,2.0000,0.5000,1.0000,0.1000,0.1000
7.0000,0.5000,0.1000,7.0000,0.5000,0.5000,7.0000,2.0000,7.0000,1.0000,0.1000,2.0000,0.1000,7.0000,0.1000,1.0000,0.5000,0.1000,1.0000,1.0000,0.1000,0.1000,0.1000,1.0000,1.0000,0.1000,2.0000,0.1000,0.1000,0.1000,2.0000,1.0000,2.0000,1.0000,7.0000,7.0000,1.0000,7.0000,0.1000,7.0000,0.1000,2.0000,7.0000,0.5000,1.0000,2.0000,1.0000,0.1000,1.0000,0.1000
7.0000,0.5000,0.1000,7.0000,2.0000,0.5000,1.0000,2.0000,2.0000,0.5000,0.1000,7.0000,0.5000,0.1000,0.5000,1.0000,0.1000,0.1000,7.0000,7.0000,2.0000,0.1000,7.0000,0.5000,1.0000,1.0000,7.0000,2.0000,0.1000,0.1000,0.1000,0.5000,0.1000,2.0000,1.0000,0.5000,1.0000,0.1000,0.5000,2.0000,1.0000,1.0000,1.0000,7.0000,1.0000,1.0000,0.5000,0.1000,0.5000,2.0000
0.1000,1.0000,0.1000,1.0000,2.0000,0.5000,2.0000,0.1000,0.1000,0.1000,1.0000,7.0000,0.1000,0.5000,0.5000,1.0000,7.0000,0.1000,7.0000,7.0000,0.5000,1.0000,7.0000,2.0000,0.5000,1.0000,0.5000,0.1000,7.0000,1.0000,2.0000,0.5000,2.0000,1.0000,7.0000,2.0000,2.0000,2.0000,1.0000,1.0000,2.0000,0.5000,7.0000,7.0000,0.5000,7.0000,0.1000,1.0000,0.5000,2.0000
7.0000,0.1000,0.1000,7.0000,1.0000,1.0000,7.0000,7.0000,0.5000,1.0000,0.1000,7.0000,0.1000,1.0000,1.0000,0.5000,1.0000,0.1000,0.1000,0.1000,7.0000,0.5000,7.0000,0.5000,1.0000,0.1000,1.0000,0.5000,0.5000,2.0000,1.0000,2.0000,0.5000,1.0000,0.1000,0.1000,2.0000,7.0000,1.0000,1.0000,2.0000,0.5000,7.0000,7.0000,0.5000,7.0000,1.0000,7.0000,0.1000,7.0000
0.1000,0.1000,0.5000,0.5000,1.0000,7.0000,0.1000,0.5000,0.1000,1.0000,0.5000,0.5000,7.0000,7.0000,2.0000,1.0000,0.1000,0.1000,7.0000,1.0000,0.5000,0.1000,0.1000,0.1000,2.0000,0.1000,1.0000,0.1000,1.0000,7.0000,2.0000,0.1000,1.0000,1.0000,7.0000,0.5000,0.1000,0.5000,2.0000,7.0000,0.1000,2.0000,0.5000,0.1000,0.5000,2.0000,0.5000,2.0000,2.0000,7.0000
2.0000,1.0000,7.0000,7.0000,0.5000,2.0000,0.5000,7.0000,2.0000,0.1000,0.1000,2.0000,0.1000,1.0000,1.0000,0.5000,2.0000,2.0000,7.0000,0.5000,0.5000,7.0000,7.0000,0.1000,0.1000,0.5000,0.5000,0.1000,2.0000,0.1000,1.0000,0.1000,0.1000,2.0000,7.0000,0.1000,2.0000,0.5000,0.1000,0.1000,0.5000,0.1000,0.5000,2.0000,0.1000,2.0000,7.0000,1.0000,0.1000,7.0000
0.1000,0.1000,2.0000,0.5000,2.0000,0.1000,0.5000,0.5000,0.5000,0.1000,0.5000,2.0000,0.5000,0.1000,0.1000,2.0000,7.0000,7.0000,0.1000,1.0000,1.0000,0.1000,7.0000,7.0000,1.0000,2.0000,2.0000,0.5000,0.5000,0.1000,7.0000,1.0000,2.0000,2.0000,7.0000,2.0000,0.5000,2.0000,1.0000,2.0000,2.0000,7.0000,0.5000,1.0000,0.5000,2.0000,2.0000,2.0000,0.5000,7.0000
7.0000,2.0000,0.1000,2.0000,0.5000,2.0000,2.0000,0.5000,0.1000,7.0000,2.0000,2.0000,0.5000,2.0000,0.1000,1.0000,0.1000,0.1000,1.0000,0.1000,0.5000,1.0000,1.0000,7.0000,1.0000,7.0000,2.0000,1.0000,1.0000,0.5000,2.0000,1.0000,2.0000,0.5000,2.0000,0.5000,2.0000,0.1000,0.5000,0.1000,1.0000,0.5000,0.1000,2.0000,0.1000,2.0000,0.5000,1.0000,1.0000,0.5000
2.0000,0.5000,0.1000,2.0000,1.0000,0.1000,2.0000,7.0000,2.0000,7.0000,1.0000,2.0000,7.0000,0.1000,0.5000,0.5000,0.1000,7.0000,1.0000,1.0000,0.1000,1.0000,0.5000,0.1000,1.0000,0.1000,0.5000,7.0000,0.5000,1.0000,0.5000,2.0000,7.0000,7.0000,0.5000,1.0000,0.1000,0.1000,0.5000,2.0000,0.5000,7.0000,0.5000,7.0000,0.5000,1.0000,2.0000,1.0000,0.1000,2.0000
0.1000,0.5000,0.1000,0.1000,0.5000,0.1000,1.0000,2.0000,0.1000,2.0000,1.0000,2.0000,0.5000,0.1000,1.0000,0.1000,0.5000,0.5000,0.5000,0.1000,0.5000,2.0000,0.1000,7.0000,0.5000,2.0000,0.1000,2.0000,2.0000,0.5000,2.0000,1.0000,0.5000,0.1000,1.0000,7.0000,0.1000,2.0000,0.5000,0.1000,2.0000,7.0000,7.0000,2.0000,7.0000,2.0000,0.1000,0.1000,7.0000,0.1000
1.0000,7.0000,0.5000,0.1000,1.0000,0.5000,1.0000,7.0000,0.1000,1.0000,2.0000,0.1000,1.0000,2.0000,1.0000,0.1000,1.0000,2.0000,1.0000,0.5000,1.0000,2.0000,7.0000,7.0000,2.0000,7.0000,1.0000,1.0000,1.0000,0.5000,0.5000,0.5000,1.0000,2.0000,0.1000,7.0000,0.5000,0.5000,7.0000,0.1000,0.1000,7.0000,0.5000,0.1000,0.5000,2.0000,1.0000,2.0000,0.5000,0.5000
2.0000,0.5000,1.0000,7.0000,0.5000,2.0000,2.0000,0.1000,0.5000,1.0000,0.5000,2.0000,1.0000,2.0000,7.0000,2.0000,1.0000,1.0000,0.1000,2.0000,2.0000,7.0000,1.0000,1.0000,0.5000,0.1000,0.1000,2.0000,1.0000,0.1000,0.1000,2.0000,0.1000,2.0000,1.0000,1.0000,1.0000,0.5000,0.1000,0.5000,7.0000,0.5000,2.0000,0.1000,2.0000,1.0000,0.5000,7.0000,7.0000,7.0000
7.0000,2.0000,0.1000,1.0000,1.0000,1.0000,7.0000,0.1000,1.0000,0.5000,0.1000,2.0000,2.0000,1.0000,0.5000,1.0000,0.5000,7.0000,2.0000,1.0000,0.5000,0.5000,0.5000,2.0000,0.5000,0.1000,1.0000,0.5000,0.5000,7.0000,0.1000,1.0000,0.1000,0.5000,0.1000,1.0000,1.0000,2.0000,0.5000,1.0000,1.0000,0.5000,0.1000,7.0000,0.1000,1.0000,2.0000,1.0000,1.0000,1.0000
7.0000,1.0000,1.0000,7.0000,0.5000,7.0000,2.0000,0.5000,1.0000,1.0000,0.5000,1.0000,2.0000,7.0000,0.1000,0.5000,1.0000,2.0000,0.1000,7.0000,0.5000,0.5000,2.0000,0.5000,0.5000,2.0000,0.1000,0.1000,1.0000,0.5000,0.1000,0.1000,0.5000,1.0000,7.0000,7.0000,7.0000,1.0000,0.5000,7.0000,7.0000,7.0000,1.0000,1.0000,0.5000,2.0000,7.0000,2.0000,7.0000,2.0000
0.1000,0.5000,0.5000,7.0000,7.0000,0.5000,7.0000,2.0000,2.0000,2.0000,2.0000,1.0000,1.0000,2.0000,0.1000,0.1000,1.0000,0.1000,0.1000,0.5000,7.0000,1.0000,1.0000,7.0000,7.0000,2.0000,7.0000,1.0000,1.0000,0.1000,0.1000,0.1000,0.5000,2.0000,7.0000,0.5000,7.0000,1.0000,7.0000,2.0000,7.0000,2.0000,0.1000,7.0000,0.1000,1.0000,0.5000,2.0000,0.1000,1.0000
7.0000,0.1000,1.0000,7.0000,7.0000,2.0000,0.5000,0.1000,0.5000,0.1000,1.0000,1.0000,1.0000,0.1000,0.1000,0.1000,2.0000,0.1000,7.0000,7.0000,0.5000,7.0000,1.0000,0.1000,0.5000,2.0000,7.0000,0.1000,2.0000,0.1000,0.1000,2.0000,0.5000,2.0000,0.5000,0.1000,7.0000,0.5000,0.5000,0.1000,7.0000,0.1000,0.5000,7.0000,2.0000,0.1000,0.5000,0.5000,0.5000,0.1000
7.0000,1.0000,1.0000,7.0000,7.0000,7.0000,0.1000,7.0000,7.0000,0.1000,2.0000,7.0000,2.0000,1.0000,7.0000,2.0000,0.1000,0.1000,0.1000,7.0000,0.1000,0.5000,0.1000,7.0000,0.5000,0.1000,7.0000,0.1000,0.1000,1.0000,0.5000,0.1000,2.0000,0.1000,7.0000,0.1000,2.0000,1.0000,7.0000,0.5000,0.5000,0.1000,2.0000,7.0000,2.0000,2.0000,0.5000,7.0000,1.0000,0.5000
2.0000,2.0000,0.1000,2.0000,2.0000,2.0000,0.5000,0.1000,0.5000,0.1000,2.0000,2.0000,0.5000,7.0000,0.1000,7.0000,2.0000,0.1000,1.0000,0.5000,1.0000,7.0000,0.1000,2.0000,0.1000,2.0000,0.1000,0.5000,2.0000,1.0000,1.0000,1.0000,7.0000,1.0000,2.0000,7.0000,1.0000,1.0000,0.1000,1.0000,7.0000,0.1000,0.1000,7.0000,1.0000,7.0000,0.5000,2.0000,2.0000,1.0000
1.0000,0.5000,1.0000,0.1000,1.0000,2.0000,2.0000,7.0000,7.0000,7.0000,1.0000,1.0000,2.0000,0.1000,0.1000,7.0000,2.0000,7.0000,0.5000,2.0000,2.0000,0.5000,7.0000,7.0000,7.0000,7.0000,0.1000,7.0000,1.0000,1.0000,2.0000,1.0000,0.5000,2.0000,1.0000,0.5000,0.1000,7.0000,7.0000,0.1000,2.0000,2.0000,7.0000,2.0000,2.0000,0.1000,2.0000,1.0000,0.5000,0.5000
7.0000,1.0000,1.0000,0.1000,7.0000,7.0000,7.0000,1.0000,2.0000,0.1000,1.0000,0.1000,7.0000,0.5000,7.0000,0.1000,1.0000,0.1000,2.0000,2.0000,2.0000,0.5000,7.0000,0.5000,0.1000,1.0000,7.0000,0.1000,0.1000,0.5000,0.5000,0.1000,1.0000,0.5000,0.5000,0.1000,7.0000,0.1000,0.5000,0.1000,0.1000,7.0000,2.0000,0.5000,2.0000,2.0000,0.5000,0.1000,0.5000,0.5000
7.0000,0.5000,0.1000,2.0000,7.0000,0.1000,0.5000,2.0000,0.5000,7.0000,2.0000,0.5000,0.5000,2.0000,1.0000,0.5000,0.1000,2.0000,0.5000,0.5000,2.0000,2.0000,1.0000,7.0000,1.0000,1.0000,0.1000,0.1000,0.1000,0.1000,0.5000,7.0000,7.0000,0.5000,7.0000,7.0000,7.0000,0.5000,7.0000,2.0000,7.0000,0.5000,7.0000,0.5000,0.5000,7.0000,0.5000,2.0000,7.0000,0.5000
2.0000,7.0000,7.0000,1.0000,2.0000,2.0000,0.1000,0.1000,7.0000,7.0000,0.1000,7.0000,7.0000,7.0000,2.0000,7.0000,1.0000,0.5000,1.0000,1.0000,7.0000,2.0000,1.0000,1.0000,0.1000,7.0000,0.1000,2.0000,0.1000,7.0000,7.0000,7.0000,7.0000,7.0000,0.1000,0.5000,0.5000,0.1000,7.0000,1.0000,7.0000,0.1000,7.0000,2.0000,0.5000,0.5000,7.0000,7.0000,0.5000,1.0000
1.0000,2.0000,1.0000,0.1000,1.0000,0.5000,2.0000,0.5000,0.5000,2.0000,0.5000,7.0000,7.0000,0.5000,2.0000,0.5000,0.1000,2.0000,7.0000,0.5000,2.0000,7.0000,2.0000,1.0000,0.5000,0.5000,1.0000,0.5000,1.0000,0.5000,0.5000,0.5000,7.0000,7.0000,0.1000,2.0000,0.5000,0.5000,1.0000,1.0000,2.0000,1.0000,7.0000,0.1000,0.1000,1.0000,0.5000,1.0000,0.1000,0.5000
7.0000,1.0000,0.1000,0.1000,0.5000,0.1000,7.0000,7.0000,0.5000,7.0000,0.1000,0.5000,2.0000,1.0000,7.0000,0.5000,0.5000,7.0000,7.0000,0.1000,7.0000,1.0000,7.0000,2.0000,7.0000,1.0000,7.0000,7.0000,7.0000,0.5000,0.1000,0.5000,7.0000,7.0000,1.0000,2.0000,0.1000,0.5000,7.0000,2.0000,1.0000,0.1000,1.0000,0.5000,1.0000,0.5000,0.1000,1.0000,1.0000,0.5000
0.5000,7.0000,0.1000,0.5000,2.0000,0.1000,0.5000,7.0000,7.0000,7.0000,0.5000,7.0000,7.0000,0.5000,7.0000,2.0000,0.5000,1.0000,7.0000,1.0000,7.0000,7.0000,7.0000,1.0000,2.0000,7.0000,0.5000,7.0000,0.5000,1.0000,2.0000,2.0000,7.0000,0.5000,2.0000,7.0000,1.0000,7.0000,0.5000,2.0000,0.1000,7.0000,0.5000,7.0000,2.0000,0.5000,0.1000,0.5000,2.0000,0.5000
7.0000,2.0000,0.1000,1.0000,7.0000,7.0000,1.0000,0.5000,2.0000,0.1000,1.0000,0.1000,7.0000,0.5000,7.0000,2.0000,7.0000,7.0000,7.0000,0.1000,7.0000,1.0000,7.0000,7.0000,0.1000,0.5000,7.0000,0.5000,0.5000,7.0000,1.0000,0.1000,7.0000,1.0000,2.0000,0.5000,0.1000,1.0000,1.0000,1.0000,0.1000,7.0000,0.5000,0.1000,0.1000,1.0000,1.0000,2.0000,2.0000,1.0000
2.0000,7.0000,2.0000,1.0000,0.5000,1.0000,2.0000,7.0000,7.0000,2.0000,1.0000,1.0000,2.0000,1.0000,1.0000,7.0000,7.0000,1.0000,7.0000,7.0000,7.0000,1.0000,0.5000,7.0000,0.1000,1.0000,0.1000,1.0000,1.0000,0.1000,1.0000,2.0000,7.0000,1.0000,1.0000,0.5000,7.0000,1.0000,1.0000,7.0000,0.5000,7.0000,0.1000,1.0000,0.5000,1.0000,1.0000,2.0000,1.0000,1.0000
0.5000,7.0000,2.0000,1.0000,0.1000,1.0000,0.5000,0.1000,0.1000,0.5000,1.0000,1.0000,7.0000,0.5000,1.0000,7.0000,1.0000,2.0000,7.0000,0.1000,7.0000,0.5000,1.0000,1.0000,2.0000,1.0000,1.0000,2.0000,7.0000,1.0000,0.1000,0.1000,7.0000,0.1000,0.5000,1.0000,1.0000,2.0000,0.1000,0.5000,1.0000,7.0000,0.5000,7.0000,0.1000,1.0000,2.0000,0.5000,0.5000,1.0000
0.1000,0.5000,0.5000,0.1000,2.0000,2.0000,7.0000,1.0000,2.0000,7.0000,0.1000,7.0000,0.5000,0.1000,7.0000,1.0000,0.1000,1.0000,7.0000,0.5000,7.0000,0.5000,7.0000,1.0000,0.5000,0.1000,7.0000,7.0000,0.1000,0.5000,0.1000,0.5000,7.0000,2.0000,7.0000,1.0000,7.0000,0.1000,2.0000,0.5000,7.0000,7.0000,0.5000,1.0000,1.0000,2.0000,0.5000,7.0000,0.5000,0.1000
0.5000,2.0000,0.5000,2.0000,0.1000,2.0000,7.0000,1.0000,0.5000,2.0000,2.0000,0.1000,7.0000,2.0000,2.0000,7.0000,7.0000,7.0000,7.0000,0.1000,2.0000,0.5000,0.5000,0.1000,0.1000,2.0000,0.5000,2.0000,7.0000,7.0000,7.0000,7.0000,0.5000,0.5000,7.0000,1.0000,1.0000,0.1000,0.5000,7.0000,7.0000,7.0000,7.0000,0.1000,2.0000,0.5000,7.0000,1.0000,2.0000,2.0000
0.5000,7.0000,0.5000,0.5000,0.5000,0.1000,2.0000,7.0000,0.1000,0.1000,0.5000,0.1000,7.0000,1.0000,7.0000,0.5000,1.0000,0.1000,7.0000,0.5000,1.0000,7.0000,2.0000,7.0000,7.0000,1.0000,1.0000,7.0000,2.0000,2.0000,1.0000,0.5000,0.5000,1.0000,7.0000,0.5000,7.0000,2.0000,7.0000,7.0000,7.0000,7.0000,7.0000,1.0000,0.1000,2.0000,7.0000,0.5000,7.0000,0.5000
0.5000,1.0000,2.0000,0.5000,7.0000,0.5000,0.5000,0.1000,2.0000,1.0000,0.5000,7.0000,0.1000,7.0000,7.0000,7.0000,1.0000,2.0000,0.5000,0.1000,2.0000,7.0000,0.5000,7.0000,0.1000,7.0000,2.0000,0.5000,0.1000,2.0000,2.0000,0.1000,7.0000,0.1000,7.0000,0.5000,0.5000,0.5000,7.0000,7.0000,7.0000,7.0000,0.5000,1.0000,7.0000,7.0000,7.0000,1.0000,7.0000,0.5000
2.0000,1.0000,2.0000,2.0000,7.0000,0.1000,0.1000,0.5000,1.0000,0.5000,7.0000,7.0000,7.0000,0.1000,7.0000,7.0000,1.0000,1.0000,1.0000,1.0000,7.0000,0.5000,2.0000,0.5000,7.0000,0.5000,7.0000,1.0000,0.1000,7.0000,7.0000,0.5000,7.0000,7.0000,7.0000,0.5000,0.5000,2.0000,7.0000,7.0000,7.0000,7.0000,7.0000,0.5000,2.0000,7.0000,7.0000,2.0000,7.0000,2.0000
2.0000,2.0000,2.0000,2.0000,7.0000,7.0000,0.5000,0.1000,0.1000,0.5000,0.1000,0.1000,0.1000,7.0000,7.0000,0.1000,7.0000,7.0000,7.0000,7.0000,7.0000,7.0000,0.1000,0.1000,0.1000,0.1000,7.0000,0.5000,0.1000,1.0000,0.5000,1.0000,7.0000,2.0000,7.0000,0.5000,2.0000,0.5000,7.0000,7.0000,7.0000,7.0000,0.5000,7.0000,0.1000,7.0000,7.0000,0.1000,0.1000,2.0000
1.0000,1.0000,7.0000,7.0000,0.1000,1.0000,1.0000,1.0000,0.1000,0.5000,0.1000,1.0000,0.5000,7.0000,1.0000,2.0000,2.0000,2.0000,7.0000,7.0000,7.0000,7.0000,7.0000,1.0000,1.0000,0.1000,2.0000,0.5000,0.5000,1.0000,0.1000,7.0000,7.0000,2.0000,2.0000,0.5000,2.0000,7.0000,7.0000,7.0000,7.0000,7.0000,7.0000,2.0000,0.5000,0.5000,7.0000,0.5000,0.5000,7.0000
2.0000,7.0000,7.0000,7.0000,0.1000,7.0000,2.0000,1.0000,2.0000,7.0000,0.1000,1.0000,2.0000,0.5000,2.0000,1.0000,0.5000,0.1000,7.0000,0.1000,1.0000,7.0000,2.0000,7.0000,1.0000,0.1000,1.0000,0.1000,7.0000,2.0000,0.5000,0.5000,7.0000,0.5000,7.0000,2.0000,0.1000,0.1000,7.0000,7.0000,7.0000,7.0000,7.0000,7.0000,1.0000,0.1000,7.0000,1.0000,2.0000,0.1000
1.0000,7.0000,0.1000,0.1000,0.1000,0.5000,7.0000,7.0000,2.0000,0.1000,0.1000,7.0000,0.5000,0.5000,2.0000,0.1000,2.0000,2.0000,7.0000,2.0000,0.5000,0.5000,1.0000,7.0000,0.1000,1.0000,1.0000,0.1000,7.0000,2.0000,7.0000,0.1000,7.0000,2.0000,1.0000,2.0000,2.0000,7.0000,7.0000,0.5000,7.0000,7.0000,7.0000,1.0000,7.0000,7.0000,7.0000,0.5000,7.0000,7.0000
2.0000,2.0000,0.1000,0.5000,7.0000,7.0000,1.0000,0.1000,7.0000,1.0000,7.0000,2.0000,7.0000,1.0000,7.0000,7.0000,7.0000,2.0000,7.0000,0.5000,0.1000,0.1000,2.0000,2.0000,7.0000,7.0000,0.1000,2.0000,1.0000,7.0000,7.0000,1.0000,7.0000,1.0000,0.1000,1.0000,7.0000,7.0000,7.0000,7.0000,0.5000,0.5000,7.0000,0.1000,1.0000,7.0000,7.0000,2.0000,7.0000,1.0000
7.0000,0.1000,0.1000,0.1000,7.0000,1.0000,7.0000,7.0000,1.0000,7.0000,0.5000,2.0000,7.0000,7.0000,7.0000,0.1000,7.0000,2.0000,7.0000,2.0000,1.0000,1.0000,7.0000,0.1000,2.0000,0.1000,2.0000,7.0000,2.0000,7.0000,7.0000,7.0000,7.0000,7.0000,0.5000,0.1000,0.5000,7.0000,7.0000,7.0000,2.0000,7.0000,7.0000,0.1000,1.0000,2.0000,7.0000,0.5000,7.0000,0.5000
7.0000,1.0000,2.0000,0.5000,7.0000,2.0000,1.0000,1.0000,7.0000,2.0000,7.0000,0.1000,2.0000,7.0000,0.5000,7.0000,7.0000,2.0000,7.0000,7.0000,7.0000,7.0000,1.0000,0.5000,2.0000,1.0000,7.0000,7.0000,1.0000,1.0000,7.0000,0.5000,7.0000,0.5000,2.0000,7.0000,0.5000,7.0000,7.0000,7.0000,1.0000,7.0000,7.0000,7.0000,2.0000,1.0000,7.0000,1.0000,2.0000,7.0000
7.0000,2.0000,1.0000,0.1000,7.0000,0.1000,0.5000,2.0000,2.0000,1.0000,0.5000,0.5000,7.0000,2.0000,0.1000,7.0000,2.0000,2.0000,7.0000,2.0000,7.0000,7.0000,0.5000,7.0000,1.0000,2.0000,0.5000,2.0000,0.5000,2.0000,7.0000,1.0000,7.0000,0.1000,2.0000,2.0000,0.5000,7.0000,7.0000,7.0000,1.0000,1.0000,7.0000,7.0000,0.1000,1.0000,7.0000,2.0000,1.0000,0.1000
7.0000,7.0000,0.5000,7.0000,7.0000,2.0000,0.5000,0.5000,2.0000,2.0000,0.1000,7.0000,2.0000,2.0000,0.1000,2.0000,2.0000,0.1000,7.0000,1.0000,7.0000,2.0000,7.0000,0.1000,7.0000,0.5000,7.0000,2.0000,1.0000,2.0000,7.0000,2.0000,7.0000,0.1000,0.1000,7.0000,0.1000,7.0000,0.5000,7.0000,0.5000,7.0000,7.0000,7.0000,7.0000,0.5000,7.0000,0.1000,0.1000,0.5000
7.0000,2.0000,0.1000,0.1000,7.0000,0.1000,0.1000,2.0000,0.5000,0.1000,1.0000,0.1000,0.5000,7.0000,2.0000,7.0000,7.0000,0.5000,7.0000,0.1000,0.5000,2.0000,7.0000,2.0000,7.0000,0.5000,7.0000,7.0000,0.1000,1.0000,7.0000,0.1000,7.0000,0.1000,2.0000,2.0000,0.5000,0.5000,7.0000,7.0000,7.0000,1.0000,7.0000,7.0000,0.5000,0.5000,7.0000,7.0000,0.5000,2.0000
7.0000,0.5000,7.0000,0.1000,7.0000,0.1000,0.1000,0.1000,7.0000,2.0000,0.1000,7.0000,0.5000,1.0000,7.0000,7.0000,1.0000,0.5000,7.0000,0.5000,0.1000,7.0000,1.0000,0.1000,0.1000,1.0000,7.0000,0.1000,2.0000,7.0000,0.5000,1.0000,7.0000,7.0000,0.1000,7.0000,7.0000,1.0000,7.0000,7.0000,2.0000,0.5000,7.0000,7.0000,2.0000,7.0000,7.0000,0.1000,7.0000,1.0000
7.0000,0.1000,0.5000,0.5000,0.5000,0.1000,0.1000,0.1000,0.5000,7.0000,7.0000,0.1000,7.0000,1.0000,7.0000,7.0000,7.0000,2.0000,7.0000,0.1000,7.0000,1.0000,2.0000,7.0000,0.1000,7.0000,7.0000,0.1000,1.0000,1.0000,7.0000,7.0000,7.0000,7.0000,7.0000,2.0000,7.0000,7.0000,7.0000,7.0000,0.1000,7.0000,0.5000,7.0000,0.1000,2.0000,1.0000,7.0000,7.0000,2.0000
7.0000,2.0000,7.0000,7.0000,7.0000,2.0000,0.1000,1.0000,1.0000,7.0000,7.0000,2.0000,0.1000,0.5000,7.0000,7.0000,0.1000,7.0000,7.0000,2.0000,7.0000,0.1000,7.0000,0.1000,7.0000,1.0000,7.0000,1.0000,0.5000,2.0000,7.0000,7.0000,7.0000,2.0000,0.5000,0.1000,2.0000,7.0000,7.0000,7.0000,2.0000,7.0000,2.0000,7.0000,2.0000,0.1000,2.0000,2.0000,0.5000,2.0000
7.0000,7.0000,7.0000,0.1000,7.0000,0.1000,0.1000,0.1000,7.0000,2.0000,7.0000,7.0000,0.1000,7.0000,7.0000,7.0000,0.5000,1.0000,1.0000,7.0000,2.0000,2.0000,2.0000,2.0000,7.0000,7.0000,7.0000,1.0000,0.1000,7.0000,7.0000,7.0000,7.0000,7.0000,7.0000,7.0000,7.0000,7.0000,7.0000,7.0000,7.0000,7.0000,1.0000,7.0000,7.0000,0.1000,7.0000,7.0000,0.5000,7.0000
7.0000,7.0000,7.0000,7.0000,7.0000,7.0000,0.1000,7.0000,7.0000,1.0000,7.0000,0.1000,7.0000,0.5000,7.0000,7.0000,0.1000,7.0000,0.5000,7.0000,0.1000,7.0000,1.0000,7.0000,7.0000,7.0000,7.0000,0.1000,2.0000,0.5000,7.0000,7.0000,7.0000,2.0000,7.0000,7.0000,7.0000,7.0000,7.0000,7.0000,0.5000,7.0000,7.0000,7.0000,2.0000,0.1000,7.0000,0.5000,0.5000,2.0000
7.0000,7.0000,7.0000,2.0000,7.0000,0.5000,0.1000,0.5000,7.0000,7.0000,0.5000,0.5000,7.0000,0.1000,7.0000,7.0000,7.0000,2.0000,1.0000,7.0000,1.0000,2.0000,2.0000,2.0000,7.0000,7.0000,7.0000,1.0000,0.1000,1.0000,7.0000,0.5000,7.0000,0.5000,7.0000,0.5000,7.0000,7.0000,7.0000,7.0000,2.0000,7.0000,7.0000,7.0000,2.0000,0.5000,7.0000,1.0000,1.0000,0.1000
7.0000,7.0000,7.0000,7.0000,7.0000,2.0000,0.5000,7.0000,7.0000,0.5000,0.1000,1.0000,7.0000,7.0000,7.0000,7.0000,7.0000,1.0000,2.0000,7.0000,2.0000,2.0000,7.0000,1.0000,7.0000,7.0000,7.0000,1.0000,0.5000,0.1000,7.0000,7.0000,7.0000,2.0000,7.0000,1.0000,7.0000,0.1000,7.0000,7.0000,7.0000,7.0000,7.0000,7.0000,0.5000,0.1000,7.0000,0.5000,0.1000,2.0000
7.0000,7.0000,7.0000,7.0000,7.0000,0.1000,7.0000,7.0000,7.0000,0.1000,7.0000,7.0000,7.0000,7.0000,7.0000,7.0000,0.5000,0.1000,7.0000,7.0000,2.0000,1.0000,7.0000,2.0000,0.5000,7.0000,7.0000,7.0000,0.1000,0.1000,7.0000,7.0000,7.0000,2.0000,7.0000,1.0000,7.0000,7.0000,7.0000,7.0000,7.0000,7.0000,7.0000,7.0000,7.0000,7.0000,7.0000,2.0000,2.0000,0.1000
7.0000,7.0000,7.0000,7.0000,7.0000,7.0000,1.0000,7.0000,7.0000,1.0000,7.0000,2.0000,7.0000,2.0000,7.0000,7.0000,0.1000,7.0000,7.0000,7.0000,7.0000,0.5000,0.5000,0.5000,7.0000,7.0000,7.0000,7.0000,0.1000,0.5000,7.0000,7.0000,7.0000,7.0000,7.0000,0.1000,7.0000,0.5000,7.0000,7.0000,0.5000,0.1000,7.0000,7.0000,0.5000,7.0000,7.0000,7.0000,2.0000,0.1000
7.0000,7.0000,7.0000,7.0000,7.0000,0.5000,1.0000,7.0000,7.0000,2.0000,7.0000,2.0000,7.0000,0.1000,7.0000,7.0000,7.0000,2.0000,7.0000,7.0000,0.1000,2.0000,1.0000,0.5000,7.0000,7.0000,7.0000,7.0000,0.1000,0.5000,7.0000,7.0000,7.0000,0.5000,7.0000,7.0000,7.0000,0.1000,7.0000,7.0000,2.0000,0.1000,7.0000,7.0000,0.1000,2.0000,7.0000,2.0000,0.5000,0.5000
7.0000,7.0000,7.0000,7.0000,7.0000,1.0000,2.0000,7.0000,7.0000,7.0000,7.0000,7.0000,7.0000,0.1000,7.0000,7.0000,2.0000,7.0000,0.1000,7.0000,0.1000,7.0000,2.0000,1.0000,7.0000,7.0000,7.0000,7.0000,7.0000,1.0000,7.0000,7.0000,7.0000,1.0000,7.0000,1.0000,7.0000,0.1000,7.0000,7.0000,0.1000,2.0000,7.0000,7.0000,7.0000,1.0000,7.0000,2.0000,0.5000,1.0000
7.0000,7.0000,7.0000,7.0000,7.0000,2.0000,0.1000,7.0000,7.0000,1.0000,7.0000,1.0000,7.0000,0.5000,7.0000,7.0000,7.0000,7.0000,7.0000,7.0000,0.1000,0.5000,1.0000,1.0000,7.0000,7.0000,7.0000,7.0000,0.5000,0.5000,7.0000,7.0000,7.0000,0.5000,7.0000,1.0000,7.0000,1.0000,7.0000,7.0000,7.0000,7.0000,7.0000,7.0000,7.0000,0.1000,7.0000,7.0000,1.0000,0.5000
7.0000,7.0000,7.0000,7.0000,7.0000,7.0000,0.1000,7.0000,7.0000,7.0000,7.0000,1.0000,7.0000,7.0000,1.0000,7.0000,2.0000,2.0000,0.1000,7.0000,0.1000,7.0000,0.1000,1.0000,7.0000,7.0000,7.0000,7.0000,7.0000,0.5000,7.0000,7.0000,0.5000,2.0000,7.0000,1.0000,7.0000,2.0000,7.0000,7.0000,2.0000,0.5000,7.0000,7.0000,0.1000,0.5000,7.0000,7.0000,1.0000,0.1000
7.0000,7.0000,7.0000,7.0000,7.0000,7.0000,2.0000,7.0000,7.0000,1.0000,7.0000,1.0000,7.0000,7.0000,0.5000,7.0000,7.0000,7.0000,7.0000,7.0000,7.0000,1.0000,7.0000,0.1000,7.0000,7.0000,7.0000,7.0000,0.1000,1.0000,7.0000,7.0000,1.0000,1.0000,7.0000,1.0000,7.0000,0.1000,7.0000,7.0000,0.1000,2.0000,7.0000,7.0000,1.0000,7.0000,7.0000,7.0000,1.0000,2.0000
7.0000,7.0000,7.0000,7.0000,7.0000,7.0000,1.0000,7.0000,7.0000,2.0000,7.0000,0.1000,0.1000,0.5000,0.1000,1.0000,1.0000,0.1000,0.1000,7.0000,0.5000,0.5000,1.0000,2.0000,7.0000,7.0000,7.0000,7.0000,2.0000,1.0000,7.0000,7.0000,0.5000,0.1000,7.0000,1.0000,7.0000,7.0000,7.0000,7.0000,7.0000,7.0000,7.0000,7.0000,7.0000,7.0000,7.0000,7.0000,0.1000,0.5000
7.0000,7.0000,7.0000,7.0000,7.0000,7.0000,0.1000,7.0000,7.0000,1.0000,7.0000,2.0000,0.1000,7.0000,2.0000,7.0000,7.0000,2.0000,0.5000,7.0000,1.0000,0.1000,7.0000,0.5000,7.0000,7.0000,7.0000,7.0000,7.0000,1.0000,7.0000,7.0000,1.0000,7.0000,7.0000,0.1000,7.0000,1.0000,0.1000,7.0000,2.0000,0.5000,7.0000,7.0000,7.0000,1.0000,7.0000,7.0000,2.0000,0.5000
7.0000,7.0000,7.0000,7.0000,7.0000,7.0000,0.1000,7.0000,7.0000,7.0000,7.0000,0.1000,2.0000,0.1000,0.1000,2.0000,0.1000,1.0000,0.5000,7.0000,0.5000,0.5000,1.0000,7.0000,7.0000,7.0000,7.0000,7.0000,7.0000,0.1000,7.0000,7.0000,0.5000,0.1000,7.0000,2.0000,7.0000,0.1000,2.0000,7.0000,0.5000,0.5000,7.0000,7.0000,7.0000,7.0000,7.0000,7.0000,0.5000,2.0000
7.0000,7.0000,7.0000,7.0000,7.0000,7.0000,0.5000,7.0000,7.0000,0.1000,7.0000,0.5000,0.1000,2.0000,0.1000,1.0000,1.0000,7.0000,7.0000,7.0000,0.5000,0.5000,2.0000,0.5000,7.0000,7.0000,7.0000,7.0000,7.0000,2.0000,0.1000,7.0000,2.0000,0.1000,7.0000,0.1000,7.0000,0.5000,0.5000,7.0000,0.5000,7.0000,7.0000,7.0000,7.0000,0.5000,7.0000,7.0000,0.5000,2.0000
7.0000,7.0000,7.0000,7.0000,7.0000,7.0000,0.1000,7.0000,7.0000,2.0000,7.0000,0.1000,2.0000,1.0000,7.0000,1.0000,7.0000,0.1000,0.5000,7.0000,1.0000,0.5000,7.0000,2.0000,7.0000,7.0000,7.0000,7.0000,7.0000,0.5000,0.1000,7.0000,7.0000,7.0000,7.0000,0.1000,7.0000,1.0000,0.5000,7.0000,0.5000,1.0000,7.0000,7.0000,7.0000,2.0000,7.0000,7.0000,2.0000,7.0000
7.0000,7.0000,7.0000,7.0000,7.0000,7.0000,7.0000,7.0000,7.0000,0.5000,2.0000,1.0000,0.5000,7.0000,0.1000,0.1000,7.0000,0.5000,0.1000,7.0000,1.0000,1.0000,1.0000,0.5000,7.0000,7.0000,7.0000,7.0000,7.0000,0.5000,0.1000,2.0000,0.1000,0.5000,7.0000,1.0000,7.0000,0.5000,1.0000,7.0000,7.0000,0.5000,7.0000,7.0000,7.0000,1.0000,7.0000,7.0000,2.0000,2.0000
7.0000,7.0000,7.0000,7.0000,7.0000,7.0000,0.5000,7.0000,7.0000,0.5000,0.5000,7.0000,0.5000,0.1000,0.5000,0.5000,7.0000,0.5000,1.0000,7.0000,1.0000,0.1000,7.0000,2.0000,2.0000,7.0000,7.0000,7.0000,7.0000,2.0000,0.1000,1.0000,7.0000,1.0000,7.0000,2.0000,7.0000,7.0000,7.0000,7.0000,7.0000,1.0000,7.0000,7.0000,7.0000,1.0000,7.0000,7.0000,7.0000,2.0000
7.0000,7.0000,7.0000,7.0000,7.0000,7.0000,7.0000,7.0000,7.0000,0.5000,7.0000,1.0000,2.0000,2.0000,0.5000,0.5000,7.0000,0.5000,1.0000,7.0000,0.1000,2.0000,7.0000,1.0000,2.0000,7.0000,7.0000,7.0000,7.0000,2.0000,2.0000,2.0000,0.5000,7.0000,7.0000,0.5000,7.0000,0.1000,0.1000,7.0000,0.5000,0.1000,7.0000,7.0000,7.0000,7.0000,7.0000,7.0000,2.0000,0.5000
7.0000,7.0000,7.0000,7.0000,7.0000,7.0000,1.0000,7.0000,7.0000,0.5000,7.0000,0.5000,2.0000,7.0000,0.5000,2.0000,7.0000,0.5000,0.1000,7.0000,2.0000,1.0000,0.5000,7.0000,2.0000,7.0000,7.0000,7.0000,7.0000,7.0000,0.5000,7.0000,0.5000,0.5000,7.0000,2.0000,7.0000,0.5000,0.1000,7.0000,0.5000,0.5000,7.0000,7.0000,7.0000,7.0000,7.0000,7.0000,2.0000,2.0000
7.0000,7.0000,7.0000,7.0000,7.0000,7.0000,0.5000,7.0000,7.0000,2.0000,7.0000,0.1000,7.0000,0.5000,2.0000,2.0000,7.0000,2.0000,2.0000,7.0000,0.5000,1.0000,7.0000,0.5000,7.0000,7.0000,7.0000,7.0000,7.0000,2.0000,0.5000,7.0000,7.0000,7.0000,7.0000,1.0000,7.0000,1.0000,0.5000,7.0000,0.1000,1.0000,7.0000,7.0000,7.0000,0.1000,7.0000,7.0000,0.5000,7.0000
7.0000,7.0000,7.0000,7.0000,7.0000,0.5000,0.1000,7.0000,7.0000,7.0000,7.0000,0.5000,1.0000,1.0000,2.0000,0.5000,7.0000,2.0000,0.5000,7.0000,0.1000,0.1000,2.0000,0.1000,7.0000,7.0000,7.0000,7.0000,7.0000,0.1000,2.0000,2.0000,0.5000,0.5000,7.0000,7.0000,7.0000,7.0000,0.5000,7.0000,7.0000,0.5000,7.0000,7.0000,7.0000,1.0000,7.0000,7.0000,2.0000,1.0000
7.0000,7.0000,7.0000,7.0000,7.0000,0.5000,0.5000,7.0000,7.0000,0.1000,7.0000,1.0000,1.0000,2.0000,0.5000,2.0000,7.0000,7.0000,0.1000,7.0000,0.1000,0.5000,2.0000,0.1000,7.0000,7.0000,0.1000,7.0000,7.0000,0.5000,2.0000,2.0000,0.1000,7.0000,7.0000,0.5000,7.0000,0.1000,0.5000,7.0000,0.5000,2.0000,7.0000,7.0000,7.0000,0.1000,7.0000,7.0000,7.0000,2.0000
7.0000,7.0000,7.0000,7.0000,7.0000,7.0000,1.0000,7.0000,7.0000,7.0000,7.0000,2.0000,0.5000,2.0000,2.0000,1.0000,7.0000,0.1000,0.5000,7.0000,1.0000,1.0000,0.1000,0.1000,7.0000,7.0000,0.5000,7.0000,7.0000,0.1000,7.0000,2.0000,0.5000,2.0000,7.0000,0.1000,7.0000,0.1000,2.0000,7.0000,7.0000,7.0000,0.5000,7.0000,7.0000,7.0000,0.5000,1.0000,1.0000,7.0000
7.0000,7.0000,7.0000,7.0000,7.0000,7.0000,7.0000,7.0000,7.0000,0.5000,7.0000,0.5000,0.1000,0.5000,1.0000,1.0000,7.0000,0.1000,7.0000,7.0000,0.5000,2.0000,0.5000,7.0000,7.0000,7.0000,1.0000,7.0000,7.0000,2.0000,7.0000,7.0000,0.5000,1.0000,7.0000,0.1000,7.0000,2.0000,2.0000,7.0000,0.1000,0.5000,1.0000,7.0000,7.0000,7.0000,1.0000,7.0000,2.0000,0.5000
7.0000,7.0000,7.0000,7.0000,7.0000,7.0000,1.0000,0.5000,7.0000,0.5000,7.0000,0.5000,0.1000,7.0000,1.0000,1.0000,7.0000,7.0000,1.0000,7.0000,2.0000,0.5000,1.0000,0.1000,7.0000,7.0000,2.0000,7.0000,7.0000,1.0000,1.0000,7.0000,0.1000,7.0000,7.0000,0.1000,7.0000,1.0000,0.5000,2.0000,1.0000,1.0000,2.0000,7.0000,0.5000,7.0000,2.0000,7.0000,7.0000,0.1000
7.0000,7.0000,7.0000,7.0000,7.0000,0.1000,0.5000,7.0000,7.0000,7.0000,7.0000,7.0000,0.1000,1.0000,7.0000,0.5000,0.5000,0.1000,0.1000,7.0000,1.0000,0.5000,2.0000,7.0000,7.0000,0.5000,2.0000,7.0000,7.0000,0.5000,2.0000,7.0000,7.0000,7.0000,7.0000,7.0000,7.0000,0.1000,2.0000,2.0000,0.1000,7.0000,2.0000,7.0000,1.0000,0.1000,2.0000,2.0000,0.5000,7.0000
7.0000,7.0000,7.0000,7.0000,7.0000,0.1000,7.0000,0.5000,7.0000,0.5000,0.5000,1.0000,7.0000,0.1000,7.0000,1.0000,0.1000,7.0000,7.0000,7.0000,7.0000,7.0000,0.5000,7.0000,7.0000,0.1000,0.5000,7.0000,7.0000,0.5000,1.0000,2.0000,7.0000,7.0000,0.5000,0.1000,7.0000,7.0000,2.0000,7.0000,1.0000,2.0000,7.0000,7.0000,7.0000,0.5000,7.0000,7.0000,1.0000,0.5000
7.0000,7.0000,7.0000,7.0000,7.0000,7.0000,1.0000,7.0000,7.0000,0.1000,1.0000,1.0000,2.0000,0.5000,1.0000,2.0000,7.0000,2.0000,1.0000,7.0000,0.5000,1.0000,2.0000,0.5000,7.0000,2.0000,2.0000,7.0000,7.0000,7.0000,1.0000,7.0000,7.0000,7.0000,1.0000,0.1000,7.0000,7.0000,0.1000,1.0000,7.0000,0.5000,7.0000,7.0000,7.0000,7.0000,2.0000,0.1000,1.0000,1.0000
0.5000,0.5000,7.0000,7.0000,7.0000,0.5000,0.1000,0.5000,7.0000,1.0000,2.0000,2.0000,0.5000,7.0000,2.0000,0.5000,0.5000,1.0000,0.1000,7.0000,0.1000,1.0000,2.0000,7.0000,7.0000,1.0000,1.0000,7.0000,7.0000,1.0000,2.0000,0.1000,1.0000,7.0000,1.0000,0.1000,7.0000,0.5000,0.5000,0.5000,7.0000,1.0000,0.1000,7.0000,2.0000,0.5000,2.0000,7.0000,2.0000,0.5000
7.0000,1.0000,7.0000,0.5000,7.0000,7.0000,0.5000,0.5000,7.0000,1.0000,1.0000,0.1000,0.5000,2.0000,2.0000,7.0000,7.0000,2.0000,7.0000,7.0000,0.1000,2.0000,0.1000,0.1000,7.0000,2.0000,7.0000,7.0000,7.0000,1.0000,7.0000,2.0000,7.0000,7.0000,0.1000,0.5000,7.0000,2.0000,1.0000,2.0000,0.1000,0.1000,0.1000,7.0000,0.1000,1.0000,1.0000,7.0000,7.0000,0.5000
7.0000,1.0000,7.0000,0.1000,7.0000,2.0000,1.0000,0.5000,7.0000,0.1000,7.0000,0.1000,1.0000,7.0000,7.0000,0.5000,0.1000,0.5000,7.0000,0.5000,0.1000,0.1000,0.1000,0.1000,7.0000,7.0000,0.1000,7.0000,2.0000,2.0000,0.1000,0.5000,7.0000,1.0000,0.5000,2.0000,7.0000,7.0000,2.0000,0.5000,0.5000,2.0000,1.0000,7.0000,0.5000,0.5000,0.1000,7.0000,0.1000,1.0000
7.0000,0.5000,7.0000,7.0000,7.0000,7.0000,0.1000,0.5000,7.0000,2.0000,0.1000,2.0000,2.0000,0.5000,7.0000,0.1000,7.0000,0.1000,0.5000,1.0000,2.0000,0.1000,0.5000,7.0000,7.0000,0.5000,0.1000,7.0000,2.0000,0.5000,2.0000,0.1000,2.0000,7.0000,7.0000,0.1000,7.0000,0.5000,0.5000,0.1000,7.0000,2.0000,2.0000,7.0000,2.0000,0.5000,7.0000,7.0000,7.0000,1.0000
1.0000,7.0000,7.0000,0.1000,7.0000,7.0000,0.5000,7.0000,7.0000,0.5000,7.0000,0.5000,0.1000,1.0000,1.0000,1.0000,0.5000,2.0000,0.5000,0.5000,7.0000,2.0000,1.0000,0.1000,0.5000,7.0000,0.5000,7.0000,0.1000,2.0000,0.1000,0.1000,1.0000,0.5000,1.0000,2.0000,7.0000,0.1000,0.5000,7.0000,0.1000,1.0000,0.1000,7.0000,7.0000,1.0000,1.0000,7.0000,7.0000,1.0000
0.5000,7.0000,7.0000,7.0000,7.0000,7.0000,1.0000,0.5000,7.0000,0.1000,1.0000,0.1000,0.1000,0.5000,0.5000,2.0000,0.5000,0.5000,0.5000,0.5000,0.5000,0.5000,0.1000,0.5000,7.0000,0.1000,2.0000,7.0000,2.0000,0.5000,1.0000,7.0000,0.5000,1.0000,0.1000,0.5000,7.0000,1.0000,7.0000,7.0000,0.1000,1.0000,1.0000,7.0000,0.1000,1.0000,0.5000,7.0000,7.0000,0.1000
0.5000,7.0000,7.0000,0.1000,7.0000,7.0000,0.5000,0.1000,7.0000,0.5000,0.5000,0.5000,2.0000,0.5000,7.0000,0.1000,0.1000,0.1000,0.5000,2.0000,7.0000,0.1000,0.5000,0.5000,0.5000,0.1000,0.5000,7.0000,0.5000,1.0000,7.0000,2.0000,2.0000,0.1000,1.0000,1.0000,7.0000,7.0000,0.5000,0.5000,2.0000,0.1000,1.0000,2.0000,7.0000,1.0000,2.0000,2.0000,0.1000,2.0000
7.0000,2.0000,7.0000,7.0000,0.5000,7.0000,0.5000,1.0000,0.1000,0.5000,2.0000,0.5000,0.5000,1.0000,0.5000,0.1000,7.0000,0.5000,1.0000,0.1000,7.0000,0.5000,1.0000,0.5000,2.0000,0.1000,7.0000,7.0000,0.1000,0.5000,7.0000,0.1000,7.0000,2.0000,0.5000,0.5000,7.0000,0.5000,0.1000,7.0000,2.0000,0.1000,7.0000,7.0000,2.0000,0.1000,0.5000,0.1000,0.1000,0.5000
7.0000,1.0000,7.0000,7.0000,0.1000,7.0000,0.1000,1.0000,1.0000,0.5000,0.5000,0.5000,0.1000,1.0000,0.1000,2.0000,0.1000,0.5000,0.1000,2.0000,0.5000,0.5000,0.5000,2.0000,7.0000,1.0000,0.5000,7.0000,0.5000,1.0000,0.5000,1.0000,1.0000,0.5000,0.5000,1.0000,0.1000,7.0000,1.0000,0.1000,7.0000,2.0000,0.1000,7.0000,2.0000,2.0000,7.0000,0.5000,2.0000,0.5000
2.0000,1.0000,7.0000,0.5000,7.0000,0.5000,7.0000,0.1000,1.0000,2.0000,0.1000,0.1000,1.0000,1.0000,0.5000,0.5000,0.1000,0.5000,7.0000,0.5000,0.5000,0.5000,1.0000,0.1000,0.1000,0.5000,0.1000,7.0000,0.5000,7.0000,0.5000,1.0000,0.5000,0.5000,2.0000,7.0000,0.5000,2.0000,1.0000,1.0000,0.5000,0.1000,7.0000,7.0000,0.1000,0.5000,0.5000,0.1000,0.5000,2.0000
7.0000,1.0000,7.0000,1.0000,2.0000,0.1000,7.0000,2.0000,2.0000,2.0000,7.0000,0.5000,0.5000,0.1000,0.5000,0.1000,1.0000,0.1000,7.0000,7.0000,2.0000,0.1000,7.0000,0.1000,7.0000,0.5000,1.0000,7.0000,0.5000,0.5000,1.0000,7.0000,2.0000,2.0000,7.0000,0.5000,0.1000,2.0000,0.1000,7.0000,1.0000,0.1000,0.5000,2.0000,1.0000,0.5000,7.0000,7.0000,0.5000,2.0000
1.0000,7.0000,7.0000,1.0000,2.0000,2.0000,1.0000,0.5000,7.0000,0.5000,2.0000,2.0000,2.0000,2.0000,7.0000,1.0000,0.5000,0.5000,0.5000,2.0000,1.0000,0.5000,0.5000,7.0000,0.5000,1.0000,2.0000,7.0000,0.1000,7.0000,7.0000,0.1000,2.0000,2.0000,0.5000,7.0000,1.0000,7.0000,0.5000,7.0000,2.0000,2.0000,2.0000,7.0000,0.1000,2.0000,0.1000,2.0000,0.5000,7.0000
7.0000,0.1000,7.0000,0.1000,0.1000,1.0000,2.0000,0.1000,7.0000,2.0000,7.0000,0.1000,2.0000,0.5000,2.0000,0.5000,2.0000,2.0000,7.0000,7.0000,1.0000,2.0000,7.0000,2.0000,7.0000,1.0000,0.5000,7.0000,1.0000,1.0000,2.0000,7.0000,0.1000,7.0000,0.1000,1.0000,0.1000,1.0000,2.0000,7.0000,0.1000,1.0000,0.1000,7.0000,1.0000,2.0000,7.0000,0.1000,0.1000,7.0000
0.5000,1.0000,7.0000,2.0000,0.5000,7.0000,2.0000,0.5000,0.5000,0.1000,0.5000,0.1000,0.5000,0.5000,7.0000,2.0000,2.0000,0.1000,0.5000,0.5000,0.5000,1.0000,1.0000,2.0000,0.5000,1.0000,1.0000,7.0000,2.0000,2.0000,7.0000,2.0000,0.1000,7.0000,1.0000,2.0000,1.0000,7.0000,7.0000,0.1000,2.0000,1.0000,0.1000,0.1000,2.0000,7.0000,7.0000,1.0000,0.1000,0.5000
1.0000,0.5000,7.0000,0.5000,1.0000,7.0000,2.0000,0.5000,7.0000,1.0000,1.0000,0.1000,2.0000,0.5000,1.0000,2.0000,0.1000,0.1000,0.1000,1.0000,1.0000,7.0000,2.0000,2.0000,7.0000,0.1000,0.1000,7.0000,7.0000,2.0000,0.5000,0.5000,7.0000,0.5000,0.5000,2.0000,0.5000,7.0000,2.0000,7.0000,2.0000,0.5000,7.0000,0.1000,0.5000,0.1000,1.0000,2.0000,0.1000,1.0000
2.0000,1.0000,7.0000,0.5000,0.1000,7.0000,2.0000,0.5000,0.5000,1.0000,0.5000,0.1000,0.1000,0.1000,2.0000,0.5000,1.0000,0.1000,1.0000,1.0000,1.0000,2.0000,2.0000,2.0000,0.1000,0.5000,1.0000,7.0000,2.0000,7.0000,2.0000,7.0000,2.0000,1.0000,2.0000,2.0000,1.0000,2.0000,1.0000,2.0000,0.1000,1.0000,0.1000,2.0000,2.0000,7.0000,1.0000,7.0000,0.1000,2.0000
0.5000,7.0000,7.0000,2.0000,0.5000,0.1000,2.0000,0.1000,7.0000,7.0000,0.5000,0.1000,0.1000,0.1000,2.0000,2.0000,2.0000,0.1000,2.0000,1.0000,7.0000,2.0000,2.0000,2.0000,2.0000,0.5000,0.5000,7.0000,2.0000,7.0000,7.0000,0.5000,1.0000,2.0000,2.0000,2.0000,1.0000,7.0000,2.0000,7.0000,0.1000,1.0000,7.0000,7.0000,0.1000,0.1000,1.0000,0.1000,0.1000,2.0000
7.0000,7.0000,0.5000,2.0000,0.1000,0.1000,2.0000,0.5000,0.1000,2.0000,0.1000,0.1000,0.1000,1.0000,7.0000,0.1000,2.0000,0.1000,0.1000,7.0000,2.0000,2.0000,2.0000,2.0000,0.5000,1.0000,1.0000,7.0000,2.0000,0.1000,7.0000,0.1000,1.0000,2.0000,0.5000,2.0000,1.0000,0.1000,0.1000,0.5000,0.1000,7.0000,0.1000,2.0000,0.1000,0.1000,0.1000,2.0000,1.0000,7.0000
0.1000,1.0000,1.0000,7.0000,0.5000,1.0000,2.0000,2.0000,1.0000,2.0000,7.0000,0.1000,0.1000,1.0000,7.0000,0.1000,2.0000,0.1000,0.5000,0.5000,0.5000,2.0000,2.0000,2.0000,7.0000,0.5000,7.0000,7.0000,2.0000,7.0000,1.0000,2.0000,0.5000,7.0000,0.5000,2.0000,1.0000,1.0000,2.0000,0.1000,0.1000,2.0000,2.0000,1.0000,0.1000,0.1000,2.0000,7.0000,1.0000,7.0000
7.0000,0.5000,0.5000,7.0000,0.5000,7.0000,2.0000,0.1000,7.0000,2.0000,2.0000,0.1000,0.1000,0.1000,7.0000,0.1000,2.0000,0.1000,0.5000,0.1000,7.0000,2.0000,2.0000,2.0000,1.0000,2.0000,0.5000,7.0000,2.0000,7.0000,2.0000,7.0000,1.0000,7.0000,7.0000,2.0000,0.1000,1.0000,0.5000,0.1000,0.1000,0.5000,0.5000,0.1000,0.1000,0.1000,0.5000,2.0000,7.0000,0.5000
7.0000,2.0000,0.1000,0.5000,0.5000,2.0000,2.0000,0.1000,0.1000,2.0000,0.1000,0.1000,0.1000,7.0000,7.0000,0.1000,2.0000,0.1000,0.5000,0.1000,7.0000,2.0000,2.0000,7.0000,0.5000,0.1000,7.0000,7.0000,2.0000,7.0000,2.0000,7.0000,1.0000,0.5000,0.1000,2.0000,0.1000,7.0000,7.0000,0.1000,0.1000,7.0000,7.0000,2.0000,0.1000,0.1000,0.5000,0.5000,2.0000,1.0000
7.0000,0.1000,7.0000,1.0000,2.0000,0.1000,2.0000,0.1000,1.0000,2.0000,2.0000,0.1000,0.1000,0.1000,7.0000,0.1000,2.0000,0.1000,7.0000,0.5000,7.0000,2.0000,2.0000,7.0000,7.0000,0.1000,1.0000,0.5000,2.0000,7.0000,2.0000,0.5000,7.0000,1.0000,7.0000,2.0000,7.0000,0.1000,7.0000,7.0000,0.1000,7.0000,1.0000,0.1000,0.1000,0.1000,2.0000,0.1000,7.0000,2.0000
7.0000,0.1000,2.0000,2.0000,0.1000,7.0000,2.0000,0.1000,0.1000,2.0000,0.5000,0.1000,0.1000,7.0000,7.0000,0.5000,2.0000,0.1000,0.1000,0.5000,7.0000,2.0000,2.0000,0.1000,7.0000,0.1000,2.0000,7.0000,2.0000,7.0000,2.0000,0.5000,1.0000,2.0000,7.0000,2.0000,2.0000,7.0000,7.0000,0.1000,0.1000,7.0000,2.0000,2.0000,0.1000,0.1000,2.0000,0.5000,7.0000,2.0000
2.0000,0.1000,2.0000,2.0000,0.1000,1.0000,2.0000,1.0000,2.0000,2.0000,0.5000,1.0000,0.1000,7.0000,7.0000,0.5000,2.0000,0.1000,2.0000,2.0000,0.5000,2.0000,2.0000,7.0000,7.0000,0.1000,2.0000,1.0000,2.0000,7.0000,7.0000,7.0000,7.0000,2.0000,7.0000,2.0000,1.0000,1.0000,7.0000,7.0000,0.1000,7.0000,2.0000,0.5000,0.1000,0.1000,7.0000,7.0000,0.1000,7.0000
2.0000,0.1000,7.0000,7.0000,7.0000,0.5000,2.0000,1.0000,0.5000,2.0000,2.0000,1.0000,0.1000,7.0000,7.0000,7.0000,2.0000,0.1000,2.0000,2.0000,7.0000,2.0000,2.0000,7.0000,7.0000,1.0000,2.0000,1.0000,2.0000,7.0000,7.0000,7.0000,2.0000,7.0000,7.0000,2.0000,7.0000,0.1000,7.0000,0.5000,0.1000,7.0000,2.0000,7.0000,0.1000,0.1000,7.0000,7.0000,7.0000,7.0000
0.5000,0.1000,0.1000,7.0000,2.0000,1.0000,2.0000,7.0000,0.5000,7.0000,2.0000,7.0000,0.1000,7.0000,7.0000,7.0000,2.0000,0.1000,2.0000,7.0000,2.0000,2.0000,2.0000,7.0000,7.0000,1.0000,2.0000,7.0000,2.0000,7.0000,0.1000,7.0000,7.0000,7.0000,7.0000,2.0000,1.0000,2.0000,7.0000,7.0000,0.1000,7.0000,2.0000,7.0000,0.1000,0.1000,0.5000,7.0000,7.0000,0.5000
7.0000,0.1000,0.1000,7.0000,2.0000,2.0000,2.0000,2.0000,2.0000,7.0000,7.0000,2.0000,0.1000,7.0000,7.0000,7.0000,2.0000,0.1000,2.0000,7.0000,7.0000,7.0000,2.0000,7.0000,1.0000,7.0000,2.0000,0.5000,2.0000,7.0000,7.0000,0.1000,7.0000,0.5000,7.0000,2.0000,0.1000,1.0000,7.0000,2.0000,0.1000,7.0000,2.0000,7.0000,0.1000,0.1000,1.0000,2.0000,7.0000,1.0000
1.0000,0.1000,7.0000,7.0000,2.0000,0.1000,2.0000,2.0000,2.0000,0.1000,7.0000,2.0000,0.1000,7.0000,7.0000,7.0000,2.0000,0.1000,2.0000,1.0000,7.0000,7.0000,2.0000,7.0000,1.0000,2.0000,2.0000,0.1000,2.0000,7.0000,7.0000,0.1000,7.0000,1.0000,0.1000,2.0000,7.0000,7.0000,7.0000,2.0000,0.1000,7.0000,0.1000,7.0000,0.1000,0.1000,2.0000,7.0000,7.0000,2.0000
1.0000,0.1000,1.0000,0.1000,2.0000,1.0000,2.0000,7.0000,7.0000,7.0000,0.5000,2.0000,1.0000,7.0000,7.0000,7.0000,2.0000,0.1000,2.0000,7.0000,7.0000,0.1000,2.0000,7.0000,7.0000,2.0000,2.0000,1.0000,2.0000,7.0000,7.0000,0.1000,7.0000,2.0000,7.0000,2.0000,7.0000,0.1000,7.0000,0.1000,0.1000,7.0000,0.5000,7.0000,0.1000,0.1000,2.0000,7.0000,7.0000,2.0000
1.0000,0.1000,2.0000,0.1000,2.0000,7.0000,2.0000,7.0000,7.0000,7.0000,1.0000,2.0000,7.0000,7.0000,7.0000,7.0000,2.0000,0.1000,2.0000,0.5000,7.0000,7.0000,2.0000,7.0000,1.0000,2.0000,2.0000,0.5000,2.0000,7.0000,0.1000,0.1000,7.0000,2.0000,2.0000,2.0000,0.1000,2.0000,7.0000,7.0000,0.1000,7.0000,2.0000,0.5000,1.0000,0.1000,7.0000,0.5000,0.5000,7.0000
7.0000,0.1000,2.0000,0.1000,2.0000,0.1000,2.0000,0.1000,0.5000,7.0000,2.0000,7.0000,0.1000,7.0000,7.0000,0.5000,7.0000,0.1000,2.0000,7.0000,7.0000,7.0000,2.0000,0.5000,7.0000,2.0000,2.0000,0.1000,2.0000,7.0000,7.0000,0.1000,7.0000,7.0000,2.0000,2.0000,7.0000,7.0000,7.0000,2.0000,0.1000,7.0000,0.1000,7.0000,1.0000,0.1000,7.0000,7.0000,7.0000,7.0000
2.0000,0.1000,7.0000,0.1000,2.0000,1.0000,2.0000,7.0000,1.0000,7.0000,7.0000,7.0000,0.1000,7.0000,7.0000,7.0000,7.0000,1.0000,2.0000,1.0000,7.0000,7.0000,7.0000,7.0000,7.0000,7.0000,2.0000,0.5000,2.0000,0.5000,2.0000,0.1000,7.0000,7.0000,7.0000,2.0000,0.1000,2.0000,7.0000,2.0000,1.0000,7.0000,0.1000,2.0000,7.0000,0.1000,0.5000,0.5000,2.0000,0.5000
2.0000,0.1000,7.0000,0.1000,2.0000,2.0000,7.0000,7.0000,2.0000,7.0000,0.1000,0.1000,7.0000,7.0000,7.0000,2.0000,0.1000,1.0000,2.0000,7.0000,7.0000,7.0000,7.0000,2.0000,7.0000,7.0000,2.0000,2.0000,2.0000,7.0000,2.0000,0.1000,7.0000,0.5000,7.0000,2.0000,0.1000,7.0000,7.0000,7.0000,1.0000,7.0000,0.1000,7.0000,2.0000,0.1000,1.0000,0.1000,7.0000,0.1000
2.0000,0.1000,7.0000,0.1000,2.0000,7.0000,7.0000,0.5000,7.0000,7.0000,7.0000,7.0000,7.0000,7.0000,7.0000,7.0000,7.0000,7.0000,2.0000,1.0000,7.0000,7.0000,0.1000,7.0000,0.5000,0.1000,2.0000,1.0000,2.0000,2.0000,2.0000,1.0000,7.0000,1.0000,0.1000,2.0000,0.1000,7.0000,7.0000,7.0000,7.0000,0.5000,0.1000,7.0000,2.0000,1.0000,2.0000,7.0000,7.0000,0.5000
7.0000,0.1000,7.0000,0.1000,2.0000,7.0000,0.1000,7.0000,0.1000,7.0000,0.1000,7.0000,7.0000,7.0000,7.0000,7.0000,7.0000,2.0000,2.0000,0.1000,7.0000,7.0000,7.0000,7.0000,2.0000,7.0000,7.0000,7.0000,2.0000,7.0000,2.0000,1.0000,7.0000,2.0000,7.0000,2.0000,0.1000,7.0000,7.0000,0.1000,2.0000,7.0000,0.1000,7.0000,2.0000,1.0000,2.0000,2.0000,7.0000,0.1000
7.0000,0.1000,7.0000,0.1000,0.1000,0.1000,7.0000,2.0000,7.0000,7.0000,1.0000,7.0000,7.0000,7.0000,7.0000,7.0000,7.0000,7.0000,2.0000,2.0000,7.0000,7.0000,7.0000,7.0000,2.0000,7.0000,1.0000,7.0000,2.0000,7.0000,7.0000,7.0000,7.0000,2.0000,7.0000,7.0000,1.0000,7.0000,7.0000,7.0000,2.0000,2.0000,0.1000,7.0000,2.0000,7.0000,7.0000,7.0000,7.0000,0.1000
0.1000,0.1000,7.0000,7.0000,0.5000,0.5000,0.5000,7.0000,0.1000,0.5000,1.0000,7.0000,7.0000,7.0000,7.0000,7.0000,7.0000,7.0000,2.0000,7.0000,7.0000,7.0000,0.5000,7.0000,7.0000,7.0000,7.0000,7.0000,2.0000,7.0000,7.0000,2.0000,7.0000,7.0000,7.0000,7.0000,1.0000,7.0000,7.0000,7.0000,2.0000,7.0000,0.1000,7.0000,2.0000,2.0000,7.0000,0.5000,7.0000,0.1000
7.0000,0.1000,7.0000,2.0000,2.0000,7.0000,7.0000,7.0000,0.1000,7.0000,7.0000,7.0000,7.0000,7.0000,7.0000,7.0000,0.5000,0.1000,2.0000,7.0000,7.0000,7.0000,7.0000,7.0000,7.0000,7.0000,2.0000,7.0000,2.0000,7.0000,0.1000,2.0000,7.0000,7.0000,7.0000,0.1000,1.0000,7.0000,0.5000,7.0000,2.0000,7.0000,0.1000,7.0000,2.0000,7.0000,0.5000,0.5000,7.0000,1.0000
7.0000,0.1000,7.0000,1.0000,0.1000,1.0000,2.0000,7.0000,0.1000,2.0000,2.0000,7.0000,7.0000,0.5000,7.0000,7.0000,7.0000,7.0000,2.0000,1.0000,7.0000,0.5000,2.0000,7.0000,7.0000,7.0000,7.0000,7.0000,2.0000,7.0000,7.0000,2.0000,7.0000,0.1000,7.0000,0.5000,0.5000,7.0000,7.0000,7.0000,7.0000,7.0000,0.1000,7.0000,2.0000,7.0000,1.0000,7.0000,7.0000,1.0000
7.0000,1.0000,0.5000,7.0000,2.0000,0.1000,7.0000,7.0000,0.1000,7.0000,0.1000,7.0000,7.0000,7.0000,7.0000,7.0000,2.0000,7.0000,2.0000,7.0000,7.0000,7.0000,7.0000,7.0000,7.0000,0.5000,7.0000,0.5000,7.0000,7.0000,7.0000,7.0000,7.0000,0.5000,7.0000,7.0000,2.0000,7.0000,2.0000,7.0000,7.0000,7.0000,0.1000,7.0000,2.0000,0.1000,0.5000,2.0000,7.0000,7.0000
7.0000,7.0000,0.1000,2.0000,0.5000,7.0000,7.0000,7.0000,1.0000,7.0000,0.5000,7.0000,7.0000,2.0000,7.0000,7.0000,7.0000,0.5000,2.0000,0.1000,7.0000,2.0000,7.0000,7.0000,7.0000,7.0000,7.0000,1.0000,7.0000,7.0000,7.0000,7.0000,7.0000,1.0000,7.0000,2.0000,0.1000,7.0000,7.0000,7.0000,0.1000,7.0000,0.1000,7.0000,2.0000,7.0000,1.0000,2.0000,7.0000,2.0000
7.0000,0.1000,1.0000,7.0000,7.0000,1.0000,7.0000,7.0000,1.0000,7.0000,2.0000,7.0000,7.0000,7.0000,7.0000,7.0000,7.0000,7.0000,2.0000,0.1000,7.0000,7.0000,7.0000,7.0000,7.0000,2.0000,7.0000,2.0000,0.1000,7.0000,7.0000,0.1000,7.0000,0.1000,7.0000,7.0000,0.1000,7.0000,7.0000,7.0000,7.0000,7.0000,0.5000,2.0000,2.0000,7.0000,0.5000,0.5000,7.0000,7.0000
7.0000,0.1000,2.0000,7.0000,7.0000,0.1000,7.0000,7.0000,7.0000,7.0000,0.1000,7.0000,7.0000,7.0000,7.0000,7.0000,7.0000,2.0000,7.0000,0.1000,7.0000,7.0000,7.0000,7.0000,7.0000,7.0000,7.0000,7.0000,7.0000,7.0000,7.0000,7.0000,7.0000,7.0000,7.0000,7.0000,0.1000,7.0000,7.0000,7.0000,0.5000,7.0000,7.0000,0.1000,7.0000,7.0000,1.0000,0.5000,7.0000,7.0000
7.0000,7.0000,7.0000,7.0000,7.0000,7.0000,7.0000,7.0000,2.0000,7.0000,1.0000,7.0000,7.0000,7.0000,7.0000,7.0000,7.0000,7.0000,7.0000,0.1000,7.0000,7.0000,7.0000,7.0000,7.0000,7.0000,7.0000,0.1000,7.0000,7.0000,7.0000,7.0000,7.0000,0.1000,7.0000,7.0000,0.1000,7.0000,7.0000,7.0000,7.0000,7.0000,7.0000,2.0000,7.0000,7.0000,7.0000,7.0000,7.0000,0.1000
7.0000,7.0000,0.1000,7.0000,7.0000,1.0000,7.0000,7.0000,2.0000,7.0000,1.0000,7.0000,7.0000,7.0000,7.0000,7.0000,7.0000,7.0000,0.1000,0.1000,7.0000,7.0000,7.0000,7.0000,7.0000,7.0000,7.0000,7.0000,7.0000,7.0000,7.0000,0.5000,7.0000,7.0000,7.0000,7.0000,0.1000,7.0000,7.0000,7.0000,2.0000,7.0000,7.0000,7.0000,0.1000,7.0000,2.0000,0.1000,7.0000,0.5000
7.0000,7.0000,7.0000,7.0000,0.1000,0.1000,7.0000,7.0000,7.0000,7.0000,7.0000,0.5000,7.0000,7.0000,7.0000,7.0000,7.0000,7.0000,7.0000,0.1000,7.0000,7.0000,7.0000,7.0000,7.0000,7.0000,7.0000,0.1000,7.0000,7.0000,7.0000,7.0000,7.0000,7.0000,7.0000,7.0000,0.1000,7.0000,7.0000,7.0000,7.0000,7.0000,7.0000,7.0000,7.0000,7.0000,7.0000,7.0000,7.0000,7.0000
7.0000,7.0000,7.0000,7.0000,7.0000,7.0000,7.0000,7.0000,2.0000,7.0000,2.0000,7.0000,0.5000,7.0000,7.0000,7.0000,7.0000,7.0000,7.0000,0.1000,7.0000,7.0000,7.0000,7.0000,7.0000,7.0000,7.0000,0.1000,7.0000,7.0000,7.0000,2.0000,7.0000,7.0000,7.0000,7.0000,1.0000,7.0000,7.0000,7.0000,7.0000,7.0000,7.0000,7.0000,7.0000,0.5000,7.0000,0.5000,7.0000,2.0000
7.0000,7.0000,7.0000,7.0000,2.0000,1.0000,7.0000,7.0000,7.0000,7.0000,2.0000,2.0000,7.0000,7.0000,7.0000,7.0000,7.0000,7.0000,7.0000,0.1000,7.0000,7.0000,7.0000,7.0000,7.0000,7.0000,7.0000,0.1000,7.0000,2.0000,7.0000,7.0000,7.0000,7.0000,7.0000,7.0000,1.0000,7.0000,7.0000,7.0000,7.0000,7.0000,7.0000,7.0000,7.0000,7.0000,7.0000,0.5000,7.0000,7.0000
7.0000,7.0000,7.0000,7.0000,2.0000,7.0000,7.0000,7.0000,2.0000,7.0000,0.1000,7.0000,2.0000,7.0000,7.0000,7.0000,7.0000,7.0000,7.0000,1.0000,7.0000,7.0000,7.0000,7.0000,7.0000,7.0000,7.0000,0.1000,7.0000,0.1000,7.0000,7.0000,7.0000,7.0000,7.0000,2.0000,7.0000,7.0000,7.0000,7.0000,7.0000,7.0000,0.1000,7.0000,7.0000,2.0000,7.0000,7.0000,7.0000,7.0000
2.0000,7.0000,7.0000,7.0000,2.0000,7.0000,7.0000,7.0000,7.0000,7.0000,0.5000,7.0000,7.0000,7.0000,7.0000,7.0000,7.0000,7.0000,7.0000,1.0000,7.0000,7.0000,7.0000,7.0000,0.5000,7.0000,7.0000,0.1000,0.5000,2.0000,7.0000,7.0000,7.0000,7.0000,0.1000,0.1000,2.0000,7.0000,7.0000,0.1000,7.0000,7.0000,7.0000,7.0000,7.0000,7.0000,7.0000,7.0000,7.0000,7.0000
0.5000,7.0000,7.0000,7.0000,2.0000,0.1000,7.0000,7.0000,7.0000,7.0000,2.0000,7.0000,7.0000,7.0000,7.0000,7.0000,2.0000,7.0000,7.0000,7.0000,7.0000,7.0000,7.0000,7.0000,1.0000,7.0000,7.0000,0.1000,7.0000,7.0000,7.0000,7.0000,7.0000,0.5000,7.0000,2.0000,2.0000,7.0000,7.0000,7.0000,7.0000,7.0000,2.0000,7.0000,7.0000,7.0000,7.0000,0.5000,7.0000,7.0000
2.0000,7.0000,7.0000,7.0000,2.0000,0.1000,7.0000,7.0000,7.0000,7.0000,0.1000,7.0000,7.0000,7.0000,7.0000,7.0000,0.1000,7.0000,7.0000,2.0000,7.0000,7.0000,7.0000,7.0000,7.0000,7.0000,7.0000,0.1000,2.0000,7.0000,7.0000,7.0000,7.0000,7.0000,2.0000,7.0000,2.0000,7.0000,7.0000,2.0000,7.0000,7.0000,2.0000,7.0000,0.5000,7.0000,7.0000,7.0000,7.0000,7.0000
0.1000,7.0000,7.0000,7.0000,2.0000,1.0000,7.0000,7.0000,7.0000,7.0000,0.1000,7.0000,7.0000,7.0000,7.0000,7.0000,2.0000,7.0000,7.0000,7.0000,7.0000,7.0000,7.0000,7.0000,7.0000,7.0000,7.0000,0.1000,7.0000,7.0000,7.0000,7.0000,7.0000,2.0000,2.0000,7.0000,2.0000,7.0000,7.0000,2.0000,7.0000,7.0000,2.0000,7.0000,7.0000,7.0000,2.0000,1.0000,7.0000,7.0000
0.1000,7.0000,7.0000,7.0000,2.0000,1.0000,7.0000,7.0000,7.0000,7.0000,0.1000,7.0000,7.0000,7.0000,7.0000,7.0000,7.0000,7.0000,7.0000,7.0000,7.0000,7.0000,7.0000,7.0000,0.5000,7.0000,7.0000,0.1000,7.0000,7.0000,7.0000,7.0000,7.0000,7.0000,2.0000,7.0000,2.0000,7.0000,7.0000,2.0000,7.0000,7.0000,2.0000,7.0000,2.0000,7.0000,0.1000,1.0000,7.0000,7.0000
0.1000,0.5000,7.0000,7.0000,2.0000,7.0000,7.0000,7.0000,7.0000,7.0000,0.1000,7.0000,7.0000,7.0000,7.0000,7.0000,7.0000,7.0000,0.5000,0.1000,7.0000,7.0000,7.0000,7.0000,0.1000,7.0000,7.0000,0.1000,7.0000,7.0000,7.0000,1.0000,7.0000,7.0000,2.0000,7.0000,2.0000,7.0000,7.0000,2.0000,7.0000,7.0000,2.0000,7.0000,2.0000,7.0000,2.0000,2.0000,7.0000,7.0000
0.1000,7.0000,7.0000,7.0000,2.0000,2.0000,7.0000,7.0000,7.0000,7.0000,0.1000,7.0000,7.0000,7.0000,7.0000,7.0000,7.0000,7.0000,7.0000,7.0000,7.0000,7.0000,7.0000,7.0000,2.0000,7.0000,7.0000,0.1000,7.0000,7.0000,7.0000,0.5000,7.0000,7.0000,2.0000,7.0000,2.0000,7.0000,7.0000,2.0000,7.0000,7.0000,2.0000,7.0000,0.1000,7.0000,7.0000,0.1000,7.0000,7.0000
0.1000,2.0000,7.0000,7.0000,2.0000,2.0000,7.0000,7.0000,7.0000,7.0000,0.1000,7.0000,7.0000,7.0000,7.0000,7.0000,7.0000,7.0000,2.0000,7.0000,7.0000,7.0000,7.0000,7.0000,2.0000,7.0000,7.0000,0.1000,7.0000,7.0000,7.0000,2.0000,7.0000,7.0000,2.0000,7.0000,0.1000,7.0000,7.0000,2.0000,7.0000,7.0000,2.0000,7.0000,2.0000,7.0000,7.0000,1.0000,7.0000,7.0000
0.1000,7.0000,7.0000,7.0000,0.1000,2.0000,7.0000,7.0000,2.0000,7.0000,1.0000,7.0000,7.0000,7.0000,7.0000,7.0000,7.0000,7.0000,7.0000,7.0000,7.0000,7.0000,7.0000,7.0000,7.0000,7.0000,7.0000,0.1000,7.0000,7.0000,7.0000,2.0000,7.0000,7.0000,2.0000,7.0000,0.5000,7.0000,7.0000,2.0000,7.0000,7.0000,2.0000,7.0000,7.0000,7.0000,7.0000,7.0000,7.0000,7.0000
0.1000,7.0000,7.0000,7.0000,0.5000,2.0000,7.0000,7.0000,0.1000,7.0000,1.0000,7.0000,7.0000,7.0000,2.0000,7.0000,7.0000,7.0000,7.0000,7.0000,7.0000,7.0000,7.0000,7.0000,7.0000,7.0000,7.0000,1.0000,7.0000,7.0000,7.0000,2.0000,7.0000,7.0000,2.0000,7.0000,2.0000,7.0000,7.0000,2.0000,2.0000,7.0000,2.0000,7.0000,7.0000,7.0000,7.0000,7.0000,7.0000,7.0000
0.1000,7.0000,7.0000,7.0000,2.0000,2.0000,7.0000,7.0000,2.0000,7.0000,7.0000,7.0000,7.0000,7.0000,0.1000,7.0000,7.0000,7.0000,7.0000,7.0000,7.0000,7.0000,7.0000,7.0000,0.5000,7.0000,7.0000,1.0000,7.0000,7.0000,7.0000,7.0000,7.0000,7.0000,2.0000,7.0000,1.0000,7.0000,7.0000,2.0000,0.5000,7.0000,2.0000,7.0000,7.0000,7.0000,7.0000,0.5000,7.0000,7.0000
0.1000,7.0000,7.0000,7.0000,0.1000,2.0000,7.0000,7.0000,7.0000,7.0000,2.0000,7.0000,7.0000,7.0000,2.0000,7.0000,7.0000,7.0000,7.0000,7.0000,7.0000,7.0000,7.0000,7.0000,1.0000,7.0000,7.0000,7.0000,7.0000,7.0000,7.0000,1.0000,7.0000,7.0000,2.0000,7.0000,1.0000,7.0000,7.0000,2.0000,1.0000,7.0000,2.0000,7.0000,7.0000,7.0000,7.0000,1.0000,7.0000,7.0000
0.1000,7.0000,7.0000,7.0000,0.1000,2.0000,7.0000,7.0000,7.0000,7.0000,2.0000,7.0000,7.0000,7.0000,7.0000,7.0000,7.0000,7.0000,7.0000,7.0000,7.0000,7.0000,7.0000,7.0000,2.0000,7.0000,7.0000,2.0000,7.0000,7.0000,7.0000,0.1000,7.0000,7.0000,0.1000,7.0000,7.0000,7.0000,7.0000,2.0000,7.0000,7.0000,2.0000,7.0000,7.0000,7.0000,7.0000,2.0000,7.0000,7.0000
1.0000,7.0000,7.0000,7.0000,0.1000,2.0000,7.0000,7.0000,7.0000,7.0000,2.0000,7.0000,7.0000,7.0000,7.0000,7.0000,7.0000,7.0000,7.0000,7.0000,7.0000,7.0000,7.0000,7.0000,1.0000,7.0000,7.0000,2.0000,7.0000,7.0000,7.0000,7.0000,7.0000,7.0000,0.5000,7.0000,2.0000,7.0000,7.0000,2.0000,2.0000,7.0000,2.0000,7.0000,7.0000,7.0000,7.0000,2.0000,7.0000,7.0000
1.0000,7.0000,7.0000,7.0000,0.1000,2.0000,7.0000,7.0000,7.0000,7.0000,2.0000,7.0000,7.0000,7.0000,7.0000,7.0000,7.0000,7.0000,7.0000,7.0000,7.0000,7.0000,7.0000,7.0000,2.0000,7.0000,7.0000,0.1000,7.0000,7.0000,7.0000,1.0000,7.0000,7.0000,2.0000,7.0000,2.0000,7.0000,7.0000,2.0000,2.0000,7.0000,2.0000,7.0000,7.0000,7.0000,7.0000,1.0000,2.0000,7.0000
7.0000,7.0000,7.0000,7.0000,0.1000,2.0000,7.0000,7.0000,0.1000,7.0000,2.0000,7.0000,7.0000,7.0000,7.0000,7.0000,7.0000,2.0000,7.0000,7.0000,7.0000,7.0000,7.0000,7.0000,7.0000,7.0000,7.0000,0.5000,7.0000,7.0000,0.5000,0.1000,7.0000,7.0000,7.0000,7.0000,2.0000,7.0000,7.0000,2.0000,2.0000,7.0000,2.0000,7.0000,7.0000,7.0000,7.0000,2.0000,0.1000,7.0000
2.0000,7.0000,7.0000,7.0000,0.1000,2.0000,7.0000,7.0000,7.0000,7.0000,2.0000,7.0000,7.0000,7.0000,7.0000,7.0000,7.0000,0.1000,7.0000,7.0000,7.0000,7.0000,2.0000,7.0000,0.5000,7.0000,7.0000,2.0000,2.0000,7.0000,7.0000,7.0000,7.0000,7.0000,2.0000,7.0000,2.0000,7.0000,7.0000,2.0000,2.0000,7.0000,2.0000,7.0000,7.0000,7.0000,7.0000,2.0000,2.0000,7.0000
2.0000,7.0000,7.0000,7.0000,0.1000,2.0000,7.0000,7.0000,2.0000,7.0000,2.0000,7.0000,7.0000,7.0000,7.0000,7.0000,7.0000,2.0000,7.0000,7.0000,7.0000,7.0000,0.1000,2.0000,0.5000,7.0000,7.0000,0.1000,0.1000,7.0000,2.0000,1.0000,7.0000,7.0000,2.0000,7.0000,2.0000,7.0000,7.0000,2.0000,2.0000,7.0000,7.0000,7.0000,7.0000,7.0000,7.0000,2.0000,7.0000,7.0000
2.0000,7.0000,7.0000,7.0000,0.1000,2.0000,7.0000,7.0000,2.0000,7.0000,2.0000,7.0000,2.0000,7.0000,7.0000,7.0000,7.0000,7.0000,7.0000,7.0000,7.0000,7.0000,2.0000,0.1000,2.0000,7.0000,7.0000,0.1000,2.0000,7.0000,7.0000,0.1000,7.0000,7.0000,2.0000,7.0000,2.0000,7.0000,7.0000,2.0000,2.0000,7.0000,7.0000,7.0000,7.0000,7.0000,7.0000,0.1000,7.0000,7.0000
2.0000,7.0000,7.0000,7.0000,0.1000,2.0000,7.0000,7.0000,2.0000,7.0000,2.0000,7.0000,0.1000,7.0000,7.0000,7.0000,7.0000,7.0000,7.0000,7.0000,7.0000,7.0000,7.0000,2.0000,7.0000,7.0000,7.0000,0.1000,7.0000,7.0000,7.0000,7.0000,7.0000,7.0000,2.0000,7.0000,2.0000,7.0000,7.0000,2.0000,2.0000,7.0000,1.0000,7.0000,7.0000,7.0000,7.0000,0.1000,7.0000,7.0000
2.0000,7.0000,7.0000,7.0000,0.1000,2.0000,7.0000,7.0000,2.0000,7.0000,2.0000,7.0000,2.0000,7.0000,7.0000,7.0000,7.0000,7.0000,7.0000,7.0000,7.0000,7.0000,7.0000,7.0000,0.1000,7.0000,7.0000,0.1000,7.0000,7.0000,7.0000,1.0000,7.0000,7.0000,2.0000,7.0000,2.0000,7.0000,7.0000,2.0000,2.0000,7.0000,0.1000,7.0000,7.0000,7.0000,7.0000,0.1000,7.0000,7.0000
2.0000,7.0000,7.0000,7.0000,0.1000,2.0000,7.0000,7.0000,2.0000,7.0000,2.0000,7.0000,7.0000,7.0000,7.0000,7.0000,7.0000,7.0000,7.0000,7.0000,7.0000,7.0000,7.0000,7.0000,0.5000,7.0000,7.0000,0.1000,7.0000,7.0000,7.0000,0.1000,7.0000,7.0000,2.0000,7.0000,2.0000,7.0000,7.0000,2.0000,2.0000,7.0000,7.0000,7.0000,7.0000,7.0000,7.0000,0.1000,7.0000,7.0000
2.0000,7.0000,7.0000,7.0000,0.1000,2.0000,7.0000,7.0000,2.0000,7.0000,2.0000,7.0000,7.0000,7.0000,7.0000,7.0000,7.0000,7.0000,7.0000,0.5000,7.0000,7.0000,7.0000,7.0000,1.0000,7.0000,7.0000,0.1000,7.0000,7.0000,7.0000,7.0000,7.0000,7.0000,2.0000,7.0000,2.0000,7.0000,7.0000,7.0000,2.0000,7.0000,2.0000,7.0000,7.0000,7.0000,7.0000,0.1000,7.0000,7.0000
2.0000,7.0000,7.0000,7.0000,0.1000,2.0000,7.0000,7.0000,2.0000,7.0000,2.0000,7.0000,7.0000,7.0000,7.0000,7.0000,7.0000,7.0000,7.0000,7.0000,7.0000,7.0000,7.0000,7.0000,7.0000,7.0000,7.0000,0.1000,7.0000,7.0000,7.0000,1.0000,7.0000,7.0000,2.0000,7.0000,2.0000,7.0000,7.0000,7.0000,2.0000,7.0000,2.0000,7.0000,7.0000,7.0000,7.0000,0.1000,7.0000,7.0000
2.0000,7.0000,7.0000,7.0000,0.1000,2.0000,7.0000,7.0000,2.0000,7.0000,2.0000,7.0000,7.0000,7.0000,7.0000,7.0000,7.0000,7.0000,7.0000,1.0000,7.0000,7.0000,7.0000,0.1000,2.0000,7.0000,7.0000,1.0000,7.0000,7.0000,7.0000,0.1000,2.0000,7.0000,2.0000,7.0000,2.0000,7.0000,7.0000,0.1000,2.0000,7.0000,2.0000,7.0000,7.0000,7.0000,7.0000,0.1000,7.0000,2.0000
2.0000,7.0000,7.0000,7.0000,0.1000,7.0000,7.0000,7.0000,2.0000,7.0000,2.0000,7.0000,7.0000,7.0000,7.0000,7.0000,7.0000,7.0000,2.0000,2.0000,7.0000,7.0000,7.0000,7.0000,2.0000,7.0000,7.0000,1.0000,7.0000,7.0000,7.0000,7.0000,0.1000,2.0000,2.0000,7.0000,2.0000,7.0000,7.0000,7.0000,2.0000,7.0000,2.0000,7.0000,7.0000,7.0000,7.0000,0.1000,7.0000,0.1000
2.0000,7.0000,7.0000,2.0000,1.0000,7.0000,7.0000,7.0000,2.0000,7.0000,2.0000,7.0000,7.0000,7.0000,7.0000,7.0000,7.0000,7.0000,0.1000,7.0000,7.0000,7.0000,7.0000,2.0000,2.0000,7.0000,7.0000,7.0000,7.0000,7.0000,2.0000,1.0000,2.0000,0.1000,2.0000,7.0000,2.0000,7.0000,7.0000,7.0000,2.0000,7.0000,2.0000,7.0000,7.0000,2.0000,7.0000,0.1000,7.0000,2.0000
2.0000,7.0000,7.0000,0.1000,1.0000,0.1000,7.0000,7.0000,2.0000,7.0000,2.0000,7.0000,7.0000,7.0000,7.0000,7.0000,7.0000,7.0000,2.0000,7.0000,7.0000,7.0000,7.0000,2.0000,2.0000,7.0000,2.0000,2.0000,7.0000,7.0000,0.1000,0.1000,7.0000,2.0000,2.0000,7.0000,7.0000,7.0000,7.0000,7.0000,2.0000,7.0000,2.0000,7.0000,7.0000,0.1000,7.0000,0.1000,7.0000,7.0000
2.0000,7.0000,0.1000,2.0000,7.0000,7.0000,7.0000,7.0000,2.0000,7.0000,2.0000,7.0000,7.0000,7.0000,7.0000,7.0000,7.0000,7.0000,7.0000,7.0000,7.0000,7.0000,7.0000,2.0000,2.0000,7.0000,0.1000,2.0000,7.0000,7.0000,2.0000,7.0000,7.0000,7.0000,2.0000,7.0000,7.0000,7.0000,7.0000,7.0000,2.0000,7.0000,2.0000,7.0000,7.0000,2.0000,7.0000,0.1000,7.0000,7.0000
2.0000,7.0000,7.0000,7.0000,2.0000,7.0000,7.0000,7.0000,2.0000,7.0000,2.0000,7.0000,7.0000,7.0000,7.0000,7.0000,7.0000,7.0000,7.0000,7.0000,7.0000,7.0000,7.0000,2.0000,2.0000,7.0000,2.0000,2.0000,7.0000,7.0000,7.0000,2.0000,7.0000,7.0000,2.0000,7.0000,0.1000,7.0000,7.0000,7.0000,2.0000,7.0000,2.0000,7.0000,7.0000,7.0000,7.0000,0.1000,7.0000,7.0000
2.0000,7.0000,2.0000,7.0000,2.0000,7.0000,7.0000,7.0000,2.0000,7.0000,2.0000,7.0000,7.0000,7.0000,7.0000,7.0000,7.0000,7.0000,7.0000,7.0000,7.0000,7.0000,7.0000,2.0000,2.0000,7.0000,7.0000,2.0000,7.0000,7.0000,7.0000,0.1000,7.0000,7.0000,2.0000,7.0000,7.0000,7.0000,7.0000,0.1000,2.0000,7.0000,2.0000,7.0000,7.0000,7.0000,7.0000,0.1000,7.0000,7.0000
2.0000,7.0000,2.0000,7.0000,2.0000,7.0000,7.0000,7.0000,2.0000,7.0000,2.0000,7.0000,7.0000,7.0000,7.0000,7.0000,7.0000,7.0000,7.0000,7.0000,7.0000,7.0000,7.0000,2.0000,2.0000,7.0000,7.0000,2.0000,7.0000,7.0000,7.0000,2.0000,7.0000,7.0000,2.0000,7.0000,7.0000,7.0000,2.0000,0.1000,2.0000,7.0000,2.0000,7.0000,0.1000,7.0000,7.0000,0.1000,7.0000,7.0000
2.0000,7.0000,2.0000,7.0000,2.0000,7.0000,7.0000,7.0000,0.1000,7.0000,7.0000,7.0000,0.1000,7.0000,7.0000,7.0000,7.0000,7.0000,7.0000,7.0000,7.0000,7.0000,7.0000,2.0000,2.0000,7.0000,7.0000,2.0000,7.0000,7.0000,7.0000,7.0000,7.0000,7.0000,2.0000,7.0000,0.1000,7.0000,7.0000,0.1000,2.0000,7.0000,2.0000,7.0000,7.0000,7.0000,7.0000,0.1000,7.0000,7.0000
2.0000,7.0000,2.0000,7.0000,0.1000,7.0000,7.0000,7.0000,0.5000,2.0000,7.0000,7.0000,7.0000,7.0000,7.0000,7.0000,7.0000,7.0000,7.0000,7.0000,7.0000,7.0000,7.0000,2.0000,2.0000,7.0000,7.0000,2.0000,7.0000,7.0000,7.0000,7.0000,7.0000,7.0000,2.0000,7.0000,7.0000,7.0000,1.0000,0.1000,2.0000,7.0000,2.0000,0.5000,2.0000,7.0000,7.0000,0.1000,7.0000,7.0000
2.0000,7.0000,2.0000,7.0000,0.5000,7.0000,7.0000,7.0000,2.0000,0.1000,0.1000,7.0000,2.0000,7.0000,7.0000,7.0000,7.0000,7.0000,7.0000,7.0000,7.0000,7.0000,7.0000,2.0000,2.0000,7.0000,7.0000,2.0000,7.0000,7.0000,7.0000,7.0000,7.0000,7.0000,2.0000,7.0000,2.0000,7.0000,7.0000,0.1000,2.0000,7.0000,2.0000,7.0000,2.0000,7.0000,7.0000,0.1000,7.0000,7.0000
2.0000,7.0000,2.0000,7.0000,2.0000,7.0000,7.0000,7.0000,0.1000,2.0000,7.0000,7.0000,2.0000,7.0000,7.0000,7.0000,7.0000,7.0000,7.0000,7.0000,7.0000,7.0000,7.0000,2.0000,2.0000,2.0000,7.0000,2.0000,7.0000,0.5000,7.0000,7.0000,7.0000,7.0000,2.0000,7.0000,2.0000,7.0000,2.0000,0.1000,2.0000,2.0000,2.0000,2.0000,2.0000,7.0000,7.0000,0.1000,7.0000,7.0000
2.0000,7.0000,2.0000,7.0000,1.0000,0.1000,7.0000,7.0000,0.1000,7.0000,7.0000,7.0000,2.0000,7.0000,7.0000,7.0000,7.0000,7.0000,7.0000,7.0000,7.0000,7.0000,7.0000,2.0000,2.0000,0.1000,7.0000,2.0000,7.0000,7.0000,7.0000,7.0000,7.0000,7.0000,2.0000,0.5000,2.0000,7.0000,0.1000,0.1000,2.0000,0.1000,2.0000,7.0000,2.0000,7.0000,7.0000,0.1000,7.0000,7.0000
2.0000,7.0000,2.0000,7.0000,1.0000,7.0000,7.0000,7.0000,0.1000,7.0000,0.1000,7.0000,2.0000,7.0000,7.0000,7.0000,7.0000,7.0000,7.0000,7.0000,7.0000,7.0000,7.0000,2.0000,2.0000,2.0000,7.0000,0.1000,7.0000,2.0000,7.0000,7.0000,7.0000,7.0000,2.0000,7.0000,2.0000,7.0000,0.5000,0.1000,2.0000,2.0000,2.0000,7.0000,0.1000,7.0000,7.0000,0.1000,0.1000,7.0000
2.0000,7.0000,2.0000,7.0000,7.0000,2.0000,7.0000,7.0000,0.1000,7.0000,7.0000,7.0000,2.0000,7.0000,7.0000,7.0000,0.5000,7.0000,7.0000,7.0000,7.0000,7.0000,7.0000,2.0000,2.0000,7.0000,7.0000,0.5000,7.0000,7.0000,7.0000,7.0000,7.0000,7.0000,7.0000,2.0000,2.0000,7.0000,2.0000,0.1000,2.0000,7.0000,2.0000,7.0000,0.5000,7.0000,7.0000,0.1000,7.0000,7.0000
2.0000,7.0000,2.0000,7.0000,2.0000,2.0000,7.0000,7.0000,0.1000,7.0000,2.0000,7.0000,2.0000,7.0000,7.0000,7.0000,7.0000,7.0000,7.0000,7.0000,7.0000,7.0000,7.0000,2.0000,2.0000,0.1000,7.0000,2.0000,7.0000,7.0000,7.0000,7.0000,7.0000,7.0000,7.0000,7.0000,2.0000,7.0000,0.1000,0.1000,2.0000,7.0000,7.0000,7.0000,2.0000,7.0000,7.0000,0.1000,2.0000,7.0000
2.0000,7.0000,2.0000,7.0000,2.0000,2.0000,7.0000,7.0000,0.1000,7.0000,2.0000,7.0000,2.0000,7.0000,7.0000,7.0000,0.1000,7.0000,7.0000,7.0000,7.0000,7.0000,7.0000,2.0000,2.0000,7.0000,7.0000,1.0000,7.0000,7.0000,7.0000,7.0000,7.0000,7.0000,0.1000,7.0000,2.0000,7.0000,2.0000,0.1000,2.0000,7.0000,7.0000,7.0000,0.1000,7.0000,7.0000,0.1000,2.0000,0.1000
2.0000,7.0000,2.0000,7.0000,2.0000,2.0000,7.0000,7.0000,0.1000,7.0000,2.0000,7.0000,2.0000,7.0000,7.0000,7.0000,0.1000,7.0000,7.0000,0.1000,7.0000,7.0000,7.0000,2.0000,2.0000,2.0000,7.0000,7.0000,7.0000,7.0000,7.0000,7.0000,7.0000,7.0000,7.0000,7.0000,2.0000,7.0000,0.1000,0.1000,2.0000,7.0000,0.1000,7.0000,1.0000,7.0000,7.0000,0.1000,2.0000,7.0000
2.0000,7.0000,2.0000,7.0000,2.0000,2.0000,7.0000,7.0000,0.1000,7.0000,7.0000,2.0000,2.0000,7.0000,7.0000,7.0000,2.0000,7.0000,7.0000,7.0000,7.0000,7.0000,7.0000,0.1000,2.0000,2.0000,7.0000,2.0000,7.0000,7.0000,7.0000,7.0000,7.0000,7.0000,7.0000,7.0000,2.0000,7.0000,2.0000,0.1000,2.0000,7.0000,7.0000,7.0000,1.0000,7.0000,7.0000,0.1000,2.0000,2.0000
7.0000,7.0000,2.0000,7.0000,2.0000,2.0000,7.0000,7.0000,0.1000,7.0000,7.0000,0.1000,2.0000,7.0000,7.0000,7.0000,7.0000,7.0000,7.0000,2.0000,7.0000,7.0000,7.0000,0.5000,2.0000,2.0000,7.0000,2.0000,7.0000,7.0000,7.0000,7.0000,7.0000,7.0000,7.0000,7.0000,2.0000,7.0000,7.0000,0.1000,2.0000,7.0000,7.0000,7.0000,7.0000,7.0000,7.0000,0.1000,2.0000,2.0000
